7689687	6748797
7689688	6748798
7689689	6748799
7689690	6748800
7689691	6748801
7689692	6748802
7689693	6748803
7689694	6748804
7689695	6748805
7689696	6748806
7689697	6748807
7689698	6748808
7689699	6748809
7689700	6748810
7689701	6748811
7689702	6748812
7689703	6748813
7689704	6748814
7689705	6748815
7689706	6748816
7689707	6748817
7689708	6748818
7689709	6748819
7689710	6748820
7689711	6748821
7689712	6748822
7689713	6748823
7689714	6748824
7689715	6748825
7689716	6748826
7689717	6748827
7689718	6748828
7689719	6748829
7689720	6748830
7689721	6748831
7689722	6748832
7689723	6748833
7689724	6748834
7689725	6748835
7689726	6748836
7689727	6748837
7689728	6748838
7689729	6748839
7689730	6748840
7689731	6748841
7689732	6748842
7689733	6748843
7689734	6748844
7689735	6748845
7689736	6748846
7689737	6748847
7689738	6748848
7689739	6748849
7689740	6748850
7689741	6748851
7689742	6748852
7689743	6748853
7689744	6748854
7689745	6748855
7689746	6748856
7689747	6748857
7689748	6748858
7689749	6748859
7689750	6748860
7689751	6748861
7689752	6748862
7689753	6748863
7689754	6748864
7689755	6748865
7689756	6748866
7689757	6748867
7689758	6748868
7689759	6748869
7689760	6748870
7689761	6748871
7689762	6748872
7689763	6748873
7689764	6748874
7689765	6748875
7689766	6748876
7689767	6748877
7689768	6748878
7689769	6748879
7689770	6748880
7689771	6748881
7689772	6748882
7689773	6748883
7689774	6748884
7689775	6748885
7689776	6748886
7689777	6748887
7689778	6748888
7689779	6748889
7689780	6748890
7689781	6748891
7689782	6748892
7689783	6748893
7689784	6748894
7689785	6748895
7689786	6748896
7689787	6748897
7689788	6748898
7689789	6748899
7689790	6748900
7689791	6748901
7689792	6748902
7689793	6748903
7689794	6748904
7689795	6748905
7689796	6748906
7689797	6748907
7689798	6748908
7689799	6748909
7689800	6748910
7689801	6748911
7689802	6748912
7689803	6748913
7689804	6748914
7689805	6748915
7689806	6748916
7689807	6748917
7689808	6748918
7689809	6748919
7689810	6748920
7689811	6748921
7689812	6748922
7689813	6748923
7689814	6748924
7689815	6748925
7689816	6748926
7689817	6748927
7689818	6748928
7689819	6748929
7689820	6748930
7689821	6748931
7689822	6748932
7689823	6748933
7689824	6748934
7689825	6748935
7689826	6748936
7689827	6748937
7689828	6748938
7689829	6748939
7689830	6748940
7689831	6748941
7689832	6748942
7689833	6748943
7689834	6748944
7689835	6748945
7689836	6748946
7689837	6748947
7689838	6748948
7689839	6748949
7689840	6748950
7689841	4786463
7689842	4786464
7689843	7176751
7689844	4786465
7689845	6830166
7689846	4120348
7689847	6748951
7689848	6748952
7689849	6748953
7689850	4786468
7689851	6748954
7689852	6748955
7689853	6748956
7689854	6748957
7689855	6748958
7689856	6748959
7689857	6748960
7689858	6748961
7689859	6748962
7689860	6748963
7689861	6748964
7689862	6748965
7689863	6748966
7689864	6748967
7689865	6748968
7689866	6748969
7689867	6748970
7689868	6748971
7689869	6748972
7689870	6748973
7689871	6748974
7689872	6748975
7689873	6748976
7689874	6748977
7689875	6748978
7689876	6748979
7689877	6748980
7689878	6748981
7689879	6748982
7689880	6748983
7689881	6748984
7689882	6748985
7689883	6748986
7689884	6748987
7689885	6748988
7689886	6748989
7689887	6748990
7689888	6748991
7689889	6748992
7689890	6748993
7689891	6748994
7689892	6748995
7689893	6748996
7689894	6748997
7689895	6748998
7689896	6748999
7689897	6749000
7689898	6749001
7689899	6749002
7689900	6749003
7689901	6749004
7689902	6749005
7689903	6749006
7689904	6749007
7689905	6749008
7689906	6749009
7689907	6749010
7689908	6749011
7689909	6749012
7689910	6749013
7689911	6749014
7689912	6749015
7689913	6749016
7689914	6749017
7689915	6749018
7689916	6749019
7689917	6749020
7689918	6749021
7689919	6749022
7689920	6749023
7689921	6749024
7689922	6749025
7689923	6749026
7689924	6749027
7689925	6749028
7689926	6749029
7689927	6749030
7689928	6749031
7689929	6749032
7689930	6749033
7689931	6749034
7689932	6749035
7689933	6749036
7689934	6749037
7689935	6749038
7689936	6749039
7689937	6749040
7689938	6749041
7689939	6749042
7689940	6749043
7689941	6749044
7689942	6749045
7689943	6749046
7689944	6749047
7689945	6749048
7689946	6749049
7689947	6749050
7689948	6749051
7689949	6749052
7689950	6749053
7689951	6749054
7689952	6749055
7689953	6749056
7689954	6749057
7689955	6749058
7689956	6749059
7689957	6749060
7689958	6749061
7689959	6749062
7689960	6749063
7689961	6749064
7689962	6749065
7689963	6749066
7689964	6749067
7689965	6749068
7689966	6749069
7689967	6749070
7689968	6749071
7689969	6749072
7689970	6749073
7689971	6749074
7689972	6749075
7689973	6749076
7689974	6749077
7689975	6749078
7689976	6749079
7689977	6749080
7689978	6749081
7689979	6749082
7689980	6749083
7689981	6749084
7689982	6749085
7689983	6749086
7689984	6749087
7689985	6749088
7689986	6749089
7689987	6749090
7689988	6749091
7689989	6749092
7689990	6749093
7689991	6749094
7689992	6749095
7689993	6749096
7689994	6749097
7689995	6749098
7689996	6749099
7689997	6749100
7689998	6749101
7689999	6749102
7690000	6749103
7690001	6749104
7690002	6749105
7690003	6749106
7690004	6749107
7690005	6749108
7690006	6749109
7690007	6749110
7690008	6749111
7690009	6749112
7690010	6749113
7690011	6749114
7690012	6749115
7690013	6749116
7690014	6749117
7690015	6749118
7690016	6749119
7690017	6749120
7690018	6749121
7690019	6749122
7690020	6749123
7690021	6749124
7690022	6749125
7690023	6749126
7690024	6749127
7690025	6749128
7690026	6749129
7690027	6749130
7690028	6749131
7690029	6749132
7690030	6749133
7690031	6749134
7690032	6749135
7690033	6749136
7690034	6749137
7690035	6749138
7690036	6749139
7690037	6749140
7690038	6749141
7690039	6749142
7690040	6749143
7690041	6749144
7690042	6749145
7690043	6749146
7690044	6749147
7690045	6749148
7690046	4786472
7690047	6749149
7690048	6749150
7690049	6749151
7690050	6749152
7690051	6749153
7690052	6749154
7690053	6749155
7690054	6749156
7690055	6749157
7690056	6749158
7690057	6749159
7690058	6749160
7690059	6749161
7690060	6749162
7690061	6749163
7690062	6749164
7690063	6749165
7690064	6749166
7690065	6828514
7690066	6749167
7690067	6749168
7690068	6749169
7690069	6749170
7690070	6749171
7690071	6749172
7690072	6749173
7690073	6749174
7690074	6749175
7690075	6749176
7690076	6749177
7690077	6749178
7690078	6749179
7690079	6749180
7690080	6749181
7690081	6749182
7690082	6749183
7690083	6749184
7690084	6749185
7690085	6749186
7690086	6749187
7690087	6749188
7690088	6749189
7690089	6749190
7690090	6749191
7690091	6749192
7690092	6749193
7690093	6749194
7690094	6749195
7690095	6749196
7690096	6749197
7690097	6749198
7690098	6749199
7690099	6749200
7690100	6749201
7690101	6749202
7690102	6749203
7690103	6749204
7690104	6749205
7690105	6749206
7690106	6749207
7690107	6749208
7690108	6749209
7690109	6749210
7690110	6749211
7690111	6749212
7690112	6749213
7690113	6749214
7690114	6749215
7690115	6749216
7690116	6749217
7690117	6749218
7690118	6749219
7690119	6749220
7690120	6749221
7690121	6749222
7690122	6749223
7690123	6749224
7690124	6749225
7690125	6749226
7690126	6749227
7690127	6749228
7690128	6749229
7690129	6749230
7690130	6749231
7690131	6749232
7690132	6749233
7690133	6749234
7690134	6749235
7690135	6749236
7690136	6749237
7690137	6749238
7690138	6749239
7690139	6749240
7690140	6749241
7690141	6749242
7690142	6749243
7690143	6749244
7690144	6749245
7690145	6749246
7690146	6749247
7690147	6749248
7690148	6749249
7690149	6749250
7690150	6749251
7690151	6749252
7690152	6749253
7690153	6749254
7690154	6749255
7690155	6749256
7690156	6749257
7690157	6749258
7690158	6749259
7690159	6749260
7690160	6749261
7690161	6749262
7690162	6749263
7690163	6749264
7690164	6749265
7690165	6749266
7690166	6749267
7690167	6749268
7690168	6749269
7690169	6749270
7690170	6749271
7690171	6749272
7690172	6749273
7690173	6749274
7690174	6749275
7690175	6749276
7690176	6749277
7690177	6749278
7690178	6749279
7690179	6749280
7690180	6749281
7690181	6749282
7690182	6749283
7690183	6749284
7690184	6749285
7690185	6749286
7690186	6749287
7690187	6749288
7690188	6749289
7690189	6749290
7690190	6749291
7690191	6749292
7690192	6749293
7690193	6749294
7690194	6749295
7690195	6749296
7690196	6749297
7690197	6749298
7690198	6749299
7690199	6749300
7690200	6749301
7690201	6749302
7690202	6749303
7690203	6749304
7690204	6749305
7690205	6749306
7690206	6749307
7690207	6749308
7690208	6749309
7690209	6749310
7690210	6749311
7690211	6749312
7690212	6749313
7690213	6749314
7690214	6749315
7690215	4786473
7690216	4786475
7690217	6708874
7690218	6527067
7690219	6527067
7690220	6499195
7690221	4786481
7690222	6749316
7690223	6749317
7690224	6749318
7690225	6749319
7690226	6749320
7690227	6749321
7690228	6749322
7690229	6749323
7690230	6749324
7690231	6749325
7690232	6749326
7690233	6749327
7690234	6240144
7690235	6749328
7690236	6749329
7690237	6749330
7690238	6749331
7690239	6749332
7690240	6749333
7690241	6749334
7690242	6749335
7690243	6749336
7690244	6749337
7690245	6749338
7690246	6749339
7690247	6749340
7690248	6749341
7690249	6749342
7690250	6749343
7690251	6749344
7690252	6749345
7690253	6749346
7690254	6749347
7690255	6749348
7690256	6749349
7690257	6749350
7690258	6749351
7690259	4786484
7690259	6806549
7690259	7690496
7690259	7690497
7690260	5916465
7690261	4786486
7690262	3905346
7690263	4786488
7690264	4786489
7690265	3731227
7690266	4786491
7690267	6749352
7690268	6749353
7690269	6749354
7690270	6749355
7690271	6749356
7690272	6749357
7690273	6749358
7690274	6749359
7690275	6749360
7690276	6749361
7690277	6749362
7690278	6749363
7690279	6749364
7690280	6749365
7690281	6749366
7690282	6749367
7690283	6749368
7690284	6749369
7690285	6749370
7690286	6749371
7690287	6749372
7690288	6749373
7690289	6749374
7690290	6749375
7690291	6749376
7690292	6749377
7690293	6749378
7690294	6749379
7690295	6749380
7690296	6749381
7690297	6749382
7690298	6749383
7690299	6749384
7690300	6749385
7690301	6749386
7690302	6749387
7690303	6749388
7690304	6749389
7690305	6749390
7690306	6749391
7690307	6749392
7690308	6749393
7690309	6749394
7690310	6749395
7690311	6749396
7690312	6749397
7690313	6749398
7690314	6749399
7690315	6749400
7690316	6749401
7690317	6749402
7690318	6749403
7690319	6749404
7690320	6749405
7690321	6749406
7690322	6749407
7690323	6749408
7690324	6749409
7690325	6749410
7690326	6749411
7690327	6749412
7690328	6749413
7690329	6749414
7690330	6749415
7690331	6749416
7690332	6749417
7690333	6749418
7690334	6749419
7690335	6749420
7690336	6749421
7690337	6749422
7690338	6749423
7690339	6749424
7690340	6749425
7690341	6749426
7690342	6749427
7690343	6749428
7690344	6749429
7690345	6749430
7690346	6749431
7690347	6749432
7690348	6749433
7690349	6749434
7690350	6749435
7690351	6749436
7690352	6749437
7690353	6749438
7690354	6749439
7690355	6749440
7690356	6749441
7690357	6749442
7690358	6749443
7690359	6749444
7690360	6749445
7690361	6749446
7690362	6749447
7690363	6749448
7690364	6749449
7690365	6749450
7690366	6749451
7690367	6749452
7690368	6749453
7690369	6749454
7690370	4786493
7690371	6749455
7690372	6749456
7690373	6749457
7690374	6749458
7690375	6749459
7690376	6749460
7690377	6749461
7690378	6749462
7690379	6749463
7690380	6749464
7690381	6749465
7690382	6749466
7690383	6749467
7690384	6749468
7690385	6749469
7690386	6749470
7690387	6749471
7690388	6749472
7690389	6749473
7690390	6749474
7690391	6749475
7690392	6749476
7690393	6749477
7690394	6749478
7690395	6749479
7690396	6749480
7690397	6749481
7690398	6749482
7690399	6749483
7690400	6749484
7690401	6749485
7690402	6749486
7690403	6749487
7690404	6749488
7690405	6749489
7690406	6749490
7690407	6749491
7690408	6749492
7690409	6749493
7690410	6749494
7690411	6749495
7690412	6749496
7690413	6749497
7690414	6749498
7690415	6749499
7690416	6749500
7690417	6749501
7690418	6749502
7690419	6749503
7690420	6749504
7690421	6749505
7690422	6749506
7690423	6749507
7690424	6749508
7690425	6749509
7690426	6749510
7690427	6749511
7690428	6749512
7690429	6749513
7690430	6749514
7690431	6749515
7690432	6749516
7690433	6749517
7690434	6749518
7690435	6749519
7690436	6749520
7690437	6749521
7690438	6749522
7690439	6749523
7690440	6749524
7690441	6749525
7690442	6749526
7690443	6749527
7690444	6749528
7690445	6749529
7690446	6749530
7690447	6749531
7690448	6749532
7690449	6749533
7690450	6749534
7690451	6749535
7690452	6749536
7690453	6749537
7690454	6749538
7690455	6749539
7690456	6749540
7690457	6749541
7690458	6749542
7690459	6749543
7690460	6749544
7690461	6749545
7690462	6749546
7690463	6749547
7690464	6749548
7690465	6749549
7690466	6749550
7690467	6749551
7690468	6749552
7690469	6749553
7690470	6749554
7690471	6749555
7690472	6749556
7690473	6749557
7690474	6749558
7690475	6749559
7690476	6749560
7690477	6749561
7690478	6749562
7690479	6749563
7690480	6749564
7690481	6749565
7690482	6749566
7690483	6749567
7690484	6749568
7690485	6749569
7690486	6749570
7690487	6749571
7690488	6749572
7690489	6749573
7690490	6749574
7690491	6749575
7690492	6749576
7690493	4786495
7690494	4786831
7690495	4787861
7690496	6806549
7690496	7690259
7690497	6806549
7690497	7690259
7690498	4787879
7690499	4787881
7690500	4788222
7690501	4788224
7690502	4788226
7690503	2873431
7690504	2873431
7690505	2873431
7690506	2873431
7690507	4788228
7690508	4788239
7690509	4788240
7690510	4788244
7690510	4788246
7690511	6749577
7690512	6749578
7690513	6749579
7690514	6749580
7690515	6749581
7690516	4788644
7690517	6749582
7690518	6749583
7690519	6749584
7690520	6749585
7690521	6749586
7690522	6749587
7690523	6749588
7690524	6749589
7690525	6749590
7690526	6749591
7690527	6749592
7690528	6749593
7690529	6749594
7690530	6749595
7690531	6749596
7690532	6749597
7690533	6749598
7690534	6749599
7690535	6749600
7690536	6749601
7690537	6749602
7690538	6749603
7690539	6749604
7690540	6749605
7690541	6749606
7690542	6749607
7690543	6749608
7690544	6749609
7690545	6749610
7690546	6749611
7690547	6749612
7690548	6749613
7690549	6749614
7690550	6749615
7690551	6749616
7690552	6749617
7690553	6749618
7690554	6749619
7690555	6749620
7690556	6749621
7690557	6749622
7690558	6749623
7690559	6749624
7690560	6749625
7690561	6749626
7690562	6749627
7690563	6749628
7690564	6749629
7690565	6749630
7690566	6749631
7690567	6749632
7690568	6749633
7690569	6749634
7690570	6749635
7690571	6749636
7690572	6749637
7690573	6749638
7690574	6749639
7690575	6749640
7690576	6749641
7690577	6749642
7690578	6749643
7690579	6749644
7690580	6749645
7690581	6749646
7690582	6749647
7690583	6749648
7690584	6749649
7690585	6749650
7690586	6749651
7690587	6749652
7690588	6749653
7690589	6749654
7690590	6749655
7690591	6749656
7690592	6749657
7690593	6749658
7690594	6749659
7690595	6749660
7690596	6749661
7690597	6749662
7690598	6749663
7690599	6749664
7690600	6749665
7690601	6749666
7690602	6749667
7690603	6749668
7690604	6749669
7690605	6749670
7690606	6749671
7690607	6749672
7690608	6749673
7690609	6749674
7690610	6749675
7690611	6749676
7690612	6749677
7690613	6749678
7690614	6749679
7690615	6749680
7690616	6749681
7690617	6749682
7690618	6749683
7690619	6749684
7690620	6749685
7690621	6749686
7690622	6749687
7690623	6749688
7690624	6749689
7690625	6749690
7690626	6749691
7690627	6749692
7690628	6749693
7690629	6749694
7690630	6749695
7690631	6749696
7690632	6749697
7690633	6749698
7690634	6749699
7690635	6749700
7690636	6749701
7690637	6749702
7690638	6749703
7690639	6749704
7690640	6749705
7690641	6749706
7690642	6749707
7690643	6749708
7690644	6749709
7690645	6749710
7690646	6749711
7690647	6749712
7690648	6749713
7690649	6749714
7690650	6749715
7690651	6749716
7690652	6749717
7690653	6749718
7690654	6749719
7690655	6749720
7690656	6749721
7690657	6749722
7690658	6749723
7690659	6749724
7690660	6749725
7690661	6749726
7690662	6749727
7690663	6749728
7690664	6749729
7690665	6749730
7690666	6749731
7690667	6749732
7690668	6749733
7690669	6749734
7690670	6749735
7690671	6749736
7690672	6749737
7690673	6749738
7690674	6749739
7690675	6749740
7690676	6749741
7690677	6749742
7690678	6749743
7690679	6749744
7690680	6749745
7690681	6749746
7690682	6749747
7690683	6749748
7690684	6749749
7690685	6749750
7690686	6749751
7690687	6749752
7690688	6749753
7690689	6749754
7690690	6749755
7690691	6749756
7690692	6749757
7690693	6749758
7690694	6749759
7690695	6749760
7690696	6749761
7690697	6749762
7690698	6749763
7690699	6749764
7690700	6749765
7690701	6749766
7690702	6749767
7690703	6749768
7690704	6749769
7690705	6749770
7690706	6749771
7690707	6749772
7690708	6749773
7690709	6749774
7690710	6749775
7690711	6749776
7690712	6749777
7690713	6749778
7690714	6749779
7690715	6749780
7690716	6749781
7690717	6749782
7690718	6749783
7690719	6749784
7690720	6749785
7690721	6749786
7690722	6749787
7690723	6749788
7690724	6749789
7690725	6749790
7690726	6749791
7690727	6749792
7690728	6749793
7690729	6749794
7690730	6749795
7690731	6749796
7690732	6749797
7690733	6749798
7690734	6749799
7690735	6749800
7690736	6749801
7690737	6749802
7690738	6749803
7690739	6749804
7690740	6749805
7690741	6749806
7690742	6749807
7690743	6749808
7690744	6749809
7690745	6749810
7690746	6749811
7690747	6749812
7690748	6749813
7690749	6749814
7690750	6749815
7690751	6749816
7690752	6749817
7690753	6749818
7690754	6749819
7690755	6749820
7690756	6749821
7690757	6749822
7690758	6749823
7690759	6749824
7690760	6749825
7690761	6749826
7690762	4788896
7690763	6749827
7690764	6749828
7690765	6749829
7690766	6749893
7690767	6749894
7690768	6749895
7690769	6749896
7690770	6749897
7690771	6749898
7690772	6749899
7690773	6749900
7690774	6749901
7690775	6749902
7690776	6749903
7690777	6749904
7690778	6749905
7690779	6749906
7690780	6749907
7690781	6749908
7690782	6749909
7690783	6749910
7690784	6749911
7690785	6749912
7690786	6749913
7690787	6749914
7690788	6749915
7690789	6749916
7690790	6749917
7690791	6749918
7690792	6749919
7690793	6749920
7690794	6749921
7690795	6749922
7690796	6749923
7690797	6749924
7690798	6749925
7690799	6749926
7690800	6749927
7690801	6749928
7690802	6749929
7690803	6749930
7690804	6749931
7690805	6749932
7690806	6749933
7690807	6749934
7690808	6749935
7690809	6749936
7690810	6749937
7690811	6749938
7690812	6749939
7690813	6749940
7690814	6749941
7690815	6749942
7690816	6749943
7690817	6749944
7690818	6749945
7690819	6749946
7690820	6749947
7690821	6749948
7690822	6749949
7690823	6749950
7690824	6749951
7690825	6749952
7690826	6749953
7690827	6749954
7690828	6749955
7690829	6749962
7690830	6749963
7690831	6749964
7690832	6749965
7690833	6749966
7690834	6749967
7690835	6749968
7690836	4788897
7690837	4788898
7690838	4788899
7690839	4788900
7690840	6749969
7690841	6749970
7690842	6749971
7690843	6749972
7690844	6749973
7690845	6749974
7690846	6749975
7690847	6749976
7690848	6749977
7690849	6749978
7690850	6749979
7690851	6749980
7690852	6749981
7690853	6749982
7690854	6749983
7690855	6749984
7690856	6749985
7690857	6749986
7690858	6749987
7690859	6749988
7690860	6749989
7690861	6749990
7690862	6749991
7690863	6749992
7690864	6749993
7690865	6749994
7690866	6749995
7690867	6749996
7690868	6749997
7690869	6749998
7690870	4788901
7690871	6749999
7690872	6750000
7690873	6750001
7690874	6750002
7690875	6750003
7690876	6750004
7690877	6750005
7690878	6750006
7690879	6750007
7690880	6750008
7690881	6750009
7690882	6750010
7690883	6750011
7690884	6750012
7690885	6750013
7690886	6750014
7690887	6750015
7690888	6750016
7690889	6750017
7690890	6750018
7690891	6750019
7690892	6750020
7690893	6750021
7690894	6750022
7690895	6750023
7690896	6750024
7690897	6750025
7690898	6750026
7690899	6750027
7690900	6750028
7690901	6750029
7690902	6750030
7690903	6750031
7690904	6750032
7690905	6750034
7690906	6750035
7690907	6750036
7690908	6750037
7690909	6750038
7690910	6750039
7690911	6750040
7690912	6750041
7690913	6750042
7690914	6750043
7690915	6750044
7690916	6750045
7690917	6750046
7690918	6750047
7690919	6750048
7690920	6750049
7690921	6750050
7690922	6750051
7690923	6750052
7690924	6750053
7690925	6750054
7690926	6750055
7690927	6750056
7690928	6750057
7690929	6750058
7690930	6750059
7690931	6750060
7690932	6750061
7690933	6750062
7690934	6750063
7690935	6750064
7690936	6750065
7690937	6750066
7690938	6750067
7690939	6750068
7690940	6750069
7690941	6750070
7690942	6750071
7690943	6750072
7690944	6750073
7690945	6750074
7690946	6750075
7690947	6750076
7690948	6750077
7690949	6750078
7690950	6750079
7690951	6750080
7690952	6750081
7690953	6750082
7690954	6750083
7690955	6750084
7690956	6750085
7690957	6750086
7690958	6750087
7690959	6750088
7690960	6750089
7690961	6750090
7690962	6750091
7690963	6750092
7690964	6750093
7690965	6750094
7690966	6750095
7690967	6750096
7690968	6750097
7690969	6750098
7690970	6750099
7690971	6750100
7690972	6750101
7690973	6750102
7690974	6750103
7690975	6750104
7690976	6750105
7690977	6750106
7690978	6750107
7690979	6750108
7690980	6750109
7690981	6750110
7690982	6750111
7690983	6750112
7690984	6750113
7690985	6750114
7690986	6750115
7690987	6750116
7690988	6750117
7690989	6750118
7690990	6750119
7690991	6750120
7690992	6750121
7690993	6750122
7690994	6750123
7690995	6750124
7690996	6750125
7690997	6750126
7690998	6750127
7690999	6750128
7691000	6750129
7691001	6750130
7691002	6750131
7691003	6750132
7691004	6750133
7691005	6750134
7691006	6750135
7691007	6750136
7691008	6750137
7691009	6750138
7691010	6750139
7691011	6750140
7691012	6750141
7691013	6750142
7691014	6750143
7691015	6750144
7691016	6750145
7691017	6750146
7691018	6750147
7691019	6750148
7691020	6750149
7691021	6750150
7691022	6750151
7691023	6750152
7691024	6750153
7691025	6750154
7691026	6750155
7691027	6750156
7691028	6750157
7691029	6750158
7691030	6750159
7691031	6750160
7691032	6750161
7691033	6750162
7691034	6750163
7691035	6750164
7691036	6750165
7691037	6750166
7691038	6750167
7691039	6750168
7691040	6750170
7691041	6750171
7691042	6750172
7691043	6750173
7691044	6750174
7691045	6750175
7691046	6750176
7691047	6750177
7691048	6750178
7691049	6750179
7691050	6750180
7691051	6750181
7691052	6750182
7691053	6750183
7691054	6750184
7691055	6750185
7691056	6750186
7691057	6750187
7691058	6750188
7691059	6750189
7691060	6750190
7691061	6750191
7691062	6750192
7691063	6750193
7691064	6750194
7691065	6750195
7691066	6750196
7691067	6750197
7691068	6750198
7691069	6750199
7691070	6750200
7691071	6750201
7691072	6750202
7691073	6750203
7691074	6750204
7691075	6750205
7691076	6750206
7691077	6750207
7691078	6750208
7691079	6750209
7691080	6750210
7691081	6750211
7691082	6750212
7691083	6750213
7691084	6750214
7691085	6750215
7691086	6750216
7691087	6750217
7691088	6750218
7691089	6750219
7691090	6750220
7691091	6750221
7691092	6750222
7691093	6750223
7691094	6750224
7691095	6750225
7691096	6750226
7691097	6750227
7691098	6750228
7691099	6750229
7691100	6750230
7691101	6750231
7691102	6750232
7691103	6750233
7691104	6750234
7691105	6750235
7691106	6750236
7691107	6750237
7691108	6750238
7691109	6750239
7691110	6750240
7691111	6750241
7691112	6750242
7691113	6750243
7691114	6750244
7691115	6750245
7691116	6750246
7691117	6750247
7691118	6750248
7691119	6750249
7691120	6750250
7691121	4788902
7691122	6750251
7691123	6750252
7691124	6750253
7691125	6750254
7691126	6750255
7691127	6750256
7691128	6750257
7691129	6750258
7691130	6750259
7691131	6750260
7691132	6750261
7691133	6750262
7691134	6750263
7691135	6750264
7691136	6750265
7691137	6750266
7691138	6750267
7691139	6750268
7691140	6750269
7691141	6750270
7691142	6750271
7691143	6750272
7691144	6750273
7691145	6750274
7691146	6750275
7691147	6750276
7691148	6750277
7691149	6750278
7691150	6750282
7691151	6750283
7691152	6750284
7691153	6750285
7691154	6750286
7691155	6750287
7691156	6750288
7691157	6750289
7691158	6750290
7691159	6750291
7691160	6750292
7691161	6750293
7691162	6750294
7691163	6750295
7691164	6750296
7691165	6750297
7691166	6750298
7691167	6750299
7691168	6750300
7691169	6750301
7691170	6750302
7691171	6750303
7691172	6750304
7691173	6750305
7691174	6750306
7691175	6750307
7691176	6750308
7691177	6750309
7691178	6750310
7691179	6750311
7691180	6750312
7691181	6750313
7691182	6750314
7691183	6750315
7691184	6750316
7691185	6750317
7691186	6750318
7691187	6750319
7691188	6750320
7691189	6750321
7691190	6750322
7691191	6750323
7691192	6750324
7691193	6750325
7691194	6750326
7691195	6750327
7691196	6750328
7691197	6750329
7691198	6750330
7691199	6750331
7691200	6750332
7691201	6750333
7691202	6750334
7691203	6750335
7691204	6750336
7691205	6750337
7691206	6750338
7691207	6750339
7691208	6750340
7691209	6750341
7691210	6750342
7691211	6750343
7691212	6750344
7691213	4788906
7691214	4788907
7691215	4788922
7691216	4788934
7691217	4788944
7691218	4788945
7691219	4788954
7691220	4788963
7691221	4788970
7691222	4788972
7691223	4788973
7691224	4789174
7691225	4789742
7691226	4791506
7691227	6750345
7691228	6750346
7691229	6750347
7691230	6750348
7691231	6750349
7691232	6750350
7691233	6750351
7691234	6750352
7691235	6750353
7691236	6750354
7691237	6750355
7691238	6750356
7691239	6750357
7691240	6750358
7691241	6750359
7691242	6750360
7691243	6750361
7691244	6750362
7691245	6750363
7691246	6750364
7691247	6750365
7691248	6750366
7691249	6750367
7691250	6750368
7691251	6750369
7691252	6750370
7691253	6750371
7691254	6750372
7691255	6750373
7691256	6750374
7691257	6750375
7691258	6750376
7691259	6750377
7691260	6750378
7691261	6750379
7691262	6750380
7691263	6750381
7691264	6750382
7691265	6750383
7691266	6750384
7691267	6750385
7691268	6750386
7691269	6750387
7691270	6750388
7691271	6750389
7691272	6750390
7691273	6750391
7691274	6750392
7691275	6750393
7691276	6750394
7691277	6750395
7691278	6750396
7691279	6750397
7691280	6750398
7691281	6750399
7691282	6750400
7691283	6750401
7691284	6750402
7691285	6750403
7691286	6750404
7691287	6750405
7691288	6750406
7691289	6750407
7691290	6750408
7691291	6750409
7691292	6750410
7691293	6750411
7691294	6750412
7691295	6750413
7691296	6750414
7691297	6750415
7691298	6750416
7691299	6750417
7691300	6750418
7691301	6750419
7691302	6750420
7691303	6750421
7691304	6750422
7691305	6750423
7691306	6750424
7691307	6750425
7691308	6750426
7691309	6750427
7691310	6750428
7691311	6750429
7691312	6750430
7691313	6750431
7691314	6750432
7691315	6750433
7691316	6750434
7691317	6750435
7691318	6750436
7691319	6750437
7691320	6750438
7691321	6750439
7691322	6750440
7691323	6750441
7691324	6750442
7691325	6750443
7691326	6750444
7691327	6750445
7691328	6750446
7691329	6750447
7691330	6750448
7691331	6750449
7691332	6750450
7691333	6750451
7691334	6750452
7691335	6750453
7691336	6750454
7691337	6750455
7691338	6750456
7691339	6750457
7691340	6750458
7691341	6750459
7691342	6750460
7691343	6750461
7691344	6750462
7691345	6750463
7691346	6750464
7691347	6750465
7691348	6750466
7691349	6750467
7691350	6750468
7691351	6750469
7691352	6750470
7691353	6750471
7691354	6750472
7691355	6750473
7691356	6750474
7691357	6750475
7691358	6750476
7691359	6750477
7691360	4791509
7691361	6750478
7691362	6750479
7691363	6750480
7691364	6750481
7691365	6750482
7691366	6750483
7691367	6750484
7691368	6750485
7691369	6750486
7691370	6750487
7691371	6750488
7691372	6750489
7691373	6750490
7691374	6750491
7691375	6750492
7691376	6750493
7691377	6750494
7691378	6750495
7691379	6750496
7691380	6750497
7691381	6750498
7691382	6750499
7691383	6750500
7691384	6750501
7691385	6750502
7691386	6750503
7691387	6750504
7691388	6750505
7691389	6750506
7691390	6750507
7691391	6750508
7691392	6750509
7691393	6750510
7691394	6750511
7691395	6750512
7691396	6750513
7691397	6750514
7691398	6750515
7691399	6750516
7691400	6750517
7691401	6750518
7691402	6750519
7691403	6750520
7691404	6750521
7691405	6750522
7691406	6750523
7691407	6750524
7691408	6750525
7691409	6750526
7691410	6750527
7691411	6750528
7691412	6750529
7691413	6750530
7691414	6750531
7691415	6750532
7691416	6750533
7691417	6750534
7691418	6750535
7691419	6750536
7691420	6750537
7691421	6750538
7691422	6750539
7691423	6750540
7691424	6750541
7691425	6750542
7691426	6750543
7691427	6750544
7691428	6750545
7691429	6750546
7691430	6750547
7691431	6750548
7691432	6750549
7691433	6750550
7691434	6750551
7691435	6750552
7691436	6750553
7691437	6750554
7691438	6750555
7691439	6750556
7691440	6750557
7691441	6750558
7691442	6750559
7691443	6750560
7691444	6750561
7691445	6750562
7691446	6750563
7691447	6750564
7691448	6750565
7691449	6750566
7691450	6750567
7691451	6750568
7691452	6750569
7691453	6750570
7691454	6750571
7691455	6750572
7691456	6750573
7691457	6750574
7691458	6750575
7691459	6750576
7691460	6750577
7691461	6750578
7691462	6750579
7691463	6750580
7691464	6750581
7691465	6750582
7691466	6750583
7691467	6750584
7691468	6750585
7691469	6750586
7691470	6750587
7691471	6750588
7691472	6750589
7691473	6750590
7691474	6750591
7691475	6750592
7691476	6750593
7691477	6750594
7691478	6750595
7691479	6750596
7691480	6750597
7691481	6750598
7691482	6750599
7691483	6750600
7691484	6750601
7691485	6750602
7691486	6750603
7691487	6750604
7691488	6750605
7691489	6750606
7691490	6750607
7691491	6750608
7691492	6750609
7691493	6750610
7691494	6750611
7691495	6750612
7691496	6750613
7691497	6750614
7691498	6750615
7691499	6750616
7691500	6750617
7691501	6750618
7691502	6750619
7691503	6750620
7691504	6750621
7691505	6750622
7691506	6750623
7691507	6750624
7691508	6750625
7691509	6750626
7691510	6750627
7691511	6750628
7691512	6750629
7691513	6750630
7691514	6750631
7691515	6750632
7691516	6750633
7691517	6750634
7691518	6750635
7691519	6750636
7691520	6750637
7691521	6750638
7691522	6750639
7691523	6750640
7691524	6750641
7691525	6750642
7691526	6750643
7691527	6750644
7691528	6750645
7691529	6750646
7691530	6750647
7691531	6750648
7691532	6750649
7691533	6750650
7691534	6750651
7691535	6750652
7691536	6750653
7691537	6750654
7691538	6750655
7691539	6750656
7691540	6750657
7691541	6750658
7691542	6750659
7691543	6750660
7691544	6750661
7691545	6750662
7691546	6750663
7691547	6750664
7691548	6750665
7691549	6750666
7691550	6750667
7691551	6750668
7691552	6750669
7691553	4791527
7691554	4791528
7691555	4791530
7691556	4791625
7691557	6750670
7691558	6750671
7691559	6750672
7691560	6750673
7691561	6750674
7691562	6750675
7691563	6750676
7691564	6750677
7691565	6750678
7691566	6750679
7691567	6750680
7691568	6750681
7691569	6750682
7691570	6750683
7691571	6750684
7691572	6750685
7691573	6750686
7691574	6750687
7691575	6750688
7691576	6750689
7691577	6750690
7691578	6750691
7691579	6750692
7691580	6750693
7691581	6750694
7691582	6750695
7691583	6750696
7691584	6750697
7691585	6750698
7691586	6750699
7691587	6750700
7691588	6750701
7691589	6750702
7691590	6750703
7691591	6750704
7691592	6750705
7691593	6750706
7691594	6750707
7691595	6750708
7691596	6750709
7691597	6750710
7691598	6750711
7691599	6750712
7691600	6750713
7691601	6750714
7691602	6750715
7691603	6750716
7691604	6750717
7691605	6750718
7691606	6750719
7691607	6750720
7691608	6750721
7691609	6750722
7691610	6750723
7691611	6750724
7691612	6750725
7691613	6750726
7691614	6750727
7691615	6750728
7691616	6750729
7691617	6750730
7691618	6750731
7691619	6750732
7691620	6750733
7691621	6750734
7691622	6750735
7691623	6750736
7691624	6750737
7691625	6750738
7691626	6750739
7691627	6750740
7691628	6750741
7691629	6750742
7691630	6750743
7691631	6750744
7691632	6750745
7691633	6750746
7691634	6750747
7691635	6750748
7691636	6750749
7691637	6750750
7691638	6750751
7691639	6750752
7691640	6750753
7691641	6750754
7691642	6750755
7691643	6750756
7691644	6750757
7691645	6750758
7691646	6750759
7691647	6750760
7691648	6750761
7691649	6750762
7691650	6750763
7691651	6750764
7691652	6750765
7691653	6750766
7691654	6750767
7691655	6750768
7691656	6750769
7691657	6750770
7691658	6750771
7691659	6750772
7691660	6750773
7691661	6750774
7691662	6750775
7691663	6750776
7691664	6750777
7691665	6750778
7691666	6750779
7691667	6750780
7691668	6750781
7691669	6750782
7691670	6750783
7691671	6750784
7691672	6750785
7691673	6750786
7691674	6750787
7691675	6750788
7691676	6750789
7691677	6750790
7691678	6750791
7691679	6750792
7691680	6750793
7691681	6750794
7691682	6750795
7691683	6750796
7691684	6750797
7691685	6750798
7691686	6750799
7691687	6750800
7691688	6750801
7691689	6750802
7691690	6750803
7691691	6750804
7691692	6750805
7691693	6750806
7691694	6750807
7691695	6750808
7691696	6750809
7691697	6750810
7691698	6750811
7691699	6750812
7691700	6750813
7691701	6750814
7691702	6750815
7691703	6750816
7691704	6750817
7691705	6750818
7691706	6750819
7691707	6750820
7691708	6750821
7691709	6750822
7691710	6750823
7691711	6750824
7691712	6750825
7691713	6750826
7691714	6750827
7691715	6750828
7691716	6750829
7691717	6750830
7691718	6750831
7691719	6750832
7691720	6750833
7691721	6750834
7691722	6750835
7691723	6750836
7691724	6750837
7691725	6750838
7691726	6750839
7691727	6750840
7691728	6750841
7691729	6750842
7691730	6750843
7691731	6750844
7691732	6750845
7691733	6750846
7691734	6750847
7691735	6750848
7691736	6750849
7691737	6750850
7691738	6750851
7691739	6750852
7691740	6750853
7691741	6750854
7691742	6750855
7691743	6750856
7691744	6750857
7691745	6750858
7691746	6750859
7691747	6750860
7691748	6750861
7691749	6750862
7691750	6750863
7691751	6750864
7691752	6750865
7691753	6750866
7691754	6750867
7691755	6750868
7691756	6750869
7691757	6750870
7691758	6750871
7691759	6750872
7691760	6750873
7691761	6750874
7691762	6750875
7691763	6750876
7691764	6750877
7691765	6750878
7691766	6750879
7691767	6750880
7691768	6750881
7691769	6750882
7691770	6750883
7691771	6750884
7691772	6750885
7691773	6750886
7691774	6750887
7691775	6750888
7691776	6750889
7691777	6750890
7691778	6750891
7691779	6750892
7691780	6750893
7691781	6750894
7691782	6750895
7691783	6750896
7691784	6750897
7691785	6750898
7691786	6750899
7691787	6750900
7691788	6750901
7691789	6750902
7691790	6750903
7691791	6750904
7691792	6750905
7691793	6750906
7691794	6750907
7691795	6750908
7691796	6750909
7691797	6750910
7691798	6750911
7691799	6751155
7691800	6751156
7691801	6751157
7691802	6751158
7691803	6751159
7691804	6751160
7691805	6751161
7691806	6751162
7691807	6751163
7691808	6751164
7691809	6751165
7691810	6751167
7691811	6751168
7691812	6751169
7691813	6751170
7691814	6751171
7691815	6751172
7691816	6751174
7691817	6751175
7691818	6751176
7691819	6751177
7691820	6751178
7691821	6751179
7691822	6751180
7691823	6751181
7691824	6751182
7691825	6751183
7691826	6751184
7691827	6751185
7691828	6751186
7691829	6751187
7691830	6751188
7691831	6751189
7691832	6751190
7691833	6751191
7691834	6751192
7691835	6751193
7691836	6751194
7691837	6751195
7691838	6751196
7691839	6751197
7691840	6751198
7691841	6751199
7691842	6751200
7691843	6751201
7691844	6751202
7691845	6751203
7691846	6751204
7691847	6751205
7691848	6751206
7691849	6751207
7691850	6751208
7691851	6751209
7691852	6751210
7691853	6751211
7691854	6751212
7691855	6751213
7691856	6751214
7691857	6751215
7691858	6751216
7691859	6751217
7691860	6751218
7691861	6751219
7691862	6751220
7691863	6751221
7691864	6751222
7691865	6751223
7691866	6751224
7691867	6751225
7691868	6751226
7691869	6751227
7691870	6751228
7691871	6751229
7691872	6751230
7691873	6751231
7691874	6751232
7691875	6751233
7691876	6751234
7691877	6751235
7691878	6751236
7691879	6751237
7691880	6751238
7691881	6751239
7691882	6751240
7691883	6751241
7691884	6751242
7691885	6751243
7691886	6751244
7691887	6751245
7691888	6751246
7691889	6751247
7691890	6751248
7691891	6751249
7691892	6751250
7691893	6751251
7691894	6751252
7691895	6751253
7691896	6751254
7691897	6751255
7691898	6751256
7691899	6751257
7691900	6751258
7691901	6751259
7691902	6751260
7691903	6751261
7691904	6751262
7691905	6751263
7691906	6751264
7691907	6751265
7691908	6751266
7691909	6751267
7691910	6751268
7691911	6751269
7691912	6751270
7691913	6751271
7691914	6751272
7691915	6751273
7691916	6751274
7691917	6751275
7691918	6751276
7691919	6751277
7691920	6751278
7691921	6751279
7691922	6751280
7691923	6751281
7691924	6751282
7691925	6751346
7691926	6751347
7691927	6751348
7691928	6751349
7691929	6751350
7691930	6751351
7691931	6751352
7691932	6751353
7691933	6751354
7691934	6751355
7691935	6751356
7691936	6751357
7691937	6751358
7691938	6751359
7691939	4791627
7691940	4791628
7691941	4791629
7691942	4791630
7691943	6751360
7691944	6751361
7691945	6751362
7691946	6751363
7691947	6751364
7691948	6751365
7691949	6751366
7691950	6751367
7691951	6751368
7691952	6751369
7691953	6751370
7691954	6751371
7691955	6751372
7691956	6751373
7691957	6751375
7691958	6751376
7691959	6751377
7691960	6751378
7691961	6751379
7691962	6751380
7691963	6751381
7691964	6751382
7691965	6751383
7691966	6751384
7691967	6751385
7691968	6751386
7691969	6751387
7691970	6751388
7691971	6751389
7691972	6751390
7691973	6751391
7691974	6751392
7691975	6751393
7691976	6751394
7691977	6751395
7691978	6751396
7691979	6751397
7691980	6751398
7691981	6751399
7691982	6751400
7691983	6751401
7691984	6751402
7691985	6751403
7691986	6751404
7691987	6751405
7691988	6751406
7691989	6751407
7691990	6751408
7691991	6751409
7691992	6751410
7691993	6751411
7691994	6751412
7691995	6751413
7691996	6751414
7691997	6751415
7691998	6751416
7691999	6751417
7692000	6751418
7692001	6751419
7692002	6751420
7692003	6751421
7692004	6751422
7692005	6751423
7692006	6751424
7692007	6751425
7692008	6751426
7692009	6751427
7692010	6751428
7692011	6751429
7692012	6751430
7692013	6751431
7692014	6751432
7692015	6751433
7692016	6751434
7692017	6751435
7692018	6751436
7692019	6751437
7692020	6751438
7692021	6751439
7692022	6751440
7692023	6751441
7692024	6751442
7692025	6751443
7692026	6751444
7692027	6751445
7692028	6751446
7692029	6751447
7692030	6751448
7692031	6751449
7692032	6751450
7692033	6751451
7692034	6751452
7692035	6751453
7692036	6751454
7692037	6751455
7692038	6751456
7692039	6751457
7692040	6751458
7692041	6751459
7692042	6751460
7692043	6751461
7692044	6751462
7692045	6751463
7692046	6751464
7692047	6751465
7692048	6751466
7692049	6751467
7692050	6751468
7692051	6751469
7692052	6751470
7692053	6751471
7692054	6751472
7692055	6751473
7692056	6751474
7692057	6751475
7692058	6751476
7692059	6751477
7692060	6751478
7692061	6751479
7692062	6751480
7692063	6751481
7692064	6751482
7692065	6751483
7692066	6751484
7692067	6751485
7692068	6751486
7692069	6751487
7692070	6751488
7692071	6751489
7692072	6751490
7692073	6751491
7692074	6751492
7692075	6751493
7692076	6751494
7692077	6751495
7692078	6751496
7692079	6751497
7692080	6751498
7692081	6751499
7692082	6751500
7692083	6751501
7692084	6751502
7692085	6751503
7692086	6751504
7692087	6751505
7692088	6751506
7692089	6751507
7692090	6751508
7692091	6751509
7692092	6751510
7692093	6751511
7692094	6751512
7692095	6751513
7692096	6751514
7692097	6751515
7692098	6751516
7692099	6751517
7692100	6751518
7692101	6751519
7692102	6751520
7692103	6751521
7692104	6751522
7692105	6751523
7692106	6751524
7692107	6751525
7692108	6751526
7692109	6751527
7692110	6751528
7692111	6751529
7692112	6751530
7692113	6751531
7692114	6751532
7692115	6751533
7692116	6751534
7692117	6751535
7692118	6751536
7692119	6751537
7692120	6751538
7692121	6751539
7692122	6751540
7692123	6751541
7692124	6751542
7692125	6751543
7692126	6751544
7692127	6751545
7692128	6751546
7692129	6751547
7692130	6751548
7692131	6751549
7692132	6751550
7692133	6751551
7692134	6751552
7692135	6751553
7692136	6751554
7692137	6751555
7692138	6751556
7692139	6751557
7692140	6751558
7692141	6751559
7692142	6751560
7692143	6751561
7692144	6751562
7692145	6751563
7692146	6751564
7692147	6751565
7692148	6751566
7692149	6751567
7692150	6751568
7692151	6751569
7692152	6751570
7692153	6751571
7692154	6751572
7692155	6751573
7692156	6751574
7692157	6751575
7692158	6751576
7692159	6751577
7692160	6751578
7692161	6751579
7692162	6751580
7692163	6751581
7692164	6751582
7692165	6751583
7692166	6751584
7692167	6751585
7692168	6751586
7692169	6751587
7692170	6751588
7692171	6751589
7692172	6751590
7692173	6751591
7692174	6751592
7692175	6751593
7692176	6751594
7692177	6751595
7692178	6751596
7692179	6751597
7692180	6751598
7692181	6751662
7692182	6751663
7692183	6751664
7692184	6751665
7692185	6751666
7692186	6751667
7692187	6751668
7692188	6751669
7692189	6751670
7692190	6751671
7692191	6751672
7692192	6751673
7692193	6751674
7692194	6751675
7692195	6751676
7692196	6751677
7692197	6751678
7692198	6751679
7692199	6751680
7692200	6751681
7692201	6751682
7692202	6751683
7692203	6751684
7692204	6751685
7692205	6751686
7692206	6751687
7692207	4791631
7692208	6751688
7692209	6751689
7692210	6751690
7692211	6751691
7692212	6751692
7692213	6751693
7692214	6751694
7692215	6751695
7692216	6751696
7692217	6751697
7692218	6751698
7692219	6751699
7692220	6751700
7692221	6751701
7692222	6751702
7692223	6751703
7692224	6751704
7692225	6751705
7692226	6751706
7692227	6751707
7692228	6751708
7692229	6751709
7692230	6751710
7692231	6751711
7692232	6751712
7692233	6751713
7692234	6751715
7692235	6751716
7692236	6751717
7692237	6751718
7692238	6751719
7692239	6751720
7692240	6751721
7692241	6751722
7692242	6751723
7692243	6751724
7692244	6751725
7692245	6751726
7692246	6751727
7692247	6751728
7692248	6751729
7692249	6751730
7692250	6751731
7692251	6751732
7692252	6751733
7692253	6751734
7692254	6751735
7692255	6751736
7692256	6751737
7692257	6751738
7692258	6751739
7692259	6751740
7692260	6751741
7692261	6751742
7692262	6751743
7692263	6751744
7692264	6751745
7692265	6751746
7692266	6751747
7692267	6751748
7692268	6751749
7692269	6751750
7692270	6751751
7692271	6751752
7692272	6751753
7692273	6751754
7692274	6751755
7692275	6751756
7692276	6751757
7692277	6751758
7692278	6751759
7692279	6751760
7692280	6751761
7692281	6751762
7692282	6751763
7692283	6751764
7692284	6751765
7692285	6751766
7692286	6751767
7692287	6751768
7692288	6751769
7692289	6751770
7692290	6751771
7692291	6751772
7692292	6751773
7692293	6751774
7692294	6751775
7692295	6751776
7692296	6751777
7692297	6751778
7692298	6751779
7692299	6751780
7692300	6751781
7692301	6751782
7692302	6751783
7692303	6751784
7692304	6751785
7692305	6751786
7692306	6751787
7692307	6751788
7692308	6751789
7692309	6751790
7692310	6751791
7692311	6751792
7692312	6751793
7692313	6751794
7692314	6751795
7692315	6751796
7692316	6751797
7692317	6751798
7692318	6751799
7692319	6751800
7692320	6751801
7692321	6751802
7692322	6751803
7692323	6751804
7692324	6751805
7692325	6751806
7692326	6751807
7692327	4791632
7692328	4791633
7692329	4791634
7692330	6751808
7692331	6751809
7692332	6751810
7692333	6751811
7692334	6751812
7692335	6751813
7692336	6751814
7692337	6751815
7692338	6751816
7692339	6751817
7692340	6751818
7692341	6751819
7692342	6751820
7692343	6751821
7692344	6751822
7692345	6751823
7692346	6751824
7692347	6751825
7692348	6751826
7692349	6751827
7692350	6751828
7692351	6751829
7692352	6751830
7692353	6751831
7692354	6751832
7692355	6751833
7692356	6751834
7692357	6751835
7692358	6751836
7692359	6751837
7692360	6751838
7692361	6751839
7692362	6751840
7692363	6751841
7692364	6751842
7692365	6751843
7692366	6751844
7692367	6751845
7692368	6751846
7692369	6751847
7692370	6751848
7692371	6751849
7692372	6751850
7692373	6751851
7692374	6751852
7692375	6751853
7692376	4791635
7692377	6751854
7692378	6751855
7692379	6751856
7692380	6751857
7692381	6751858
7692382	6751859
7692383	6751860
7692384	6751861
7692385	6751862
7692386	6751863
7692387	6751864
7692388	6751865
7692389	6751866
7692390	6751867
7692391	6751868
7692392	6751869
7692393	6751870
7692394	6751871
7692395	6751872
7692396	6751873
7692397	6751874
7692398	6751875
7692399	6751876
7692400	6751877
7692401	6751878
7692402	6751879
7692403	6751880
7692404	6751881
7692405	6751882
7692406	6751883
7692407	6751884
7692408	6751885
7692409	6751886
7692410	6751887
7692411	6751888
7692412	6751889
7692413	6751890
7692414	6751891
7692415	6751892
7692416	6751893
7692417	6751894
7692418	6751895
7692419	6751896
7692420	6751897
7692421	6751898
7692422	6751899
7692423	6751900
7692424	6751901
7692425	6751902
7692426	6751903
7692427	6751904
7692428	6751905
7692429	6751906
7692430	6751907
7692431	6751908
7692432	6751909
7692433	6751910
7692434	6751911
7692435	6751912
7692436	6751913
7692437	6751914
7692438	6751915
7692439	6751916
7692440	6751917
7692441	6751918
7692442	6751919
7692443	6751920
7692444	6751921
7692445	6751922
7692446	6751923
7692447	6751924
7692448	6751925
7692449	6751926
7692450	6751927
7692451	6751928
7692452	6751929
7692453	6751930
7692454	6751931
7692455	6751932
7692456	6751933
7692457	6751934
7692458	6751935
7692459	6751936
7692460	6751937
7692461	6751938
7692462	6751939
7692463	6751940
7692464	6751941
7692465	6751942
7692466	6751943
7692467	6751944
7692468	6751945
7692469	6751946
7692470	6751947
7692471	6751948
7692472	6751949
7692473	6751950
7692474	6751951
7692475	6751952
7692476	6751953
7692477	6751954
7692478	6751955
7692479	6751956
7692480	6751957
7692481	6751958
7692482	6751959
7692483	6751960
7692484	6751961
7692485	6751962
7692486	6751963
7692487	6751964
7692488	6751965
7692489	6751966
7692490	6751967
7692491	6751968
7692492	6751969
7692493	6751970
7692494	6751971
7692495	6751972
7692496	6751973
7692497	6751974
7692498	6751975
7692499	6751976
7692500	6751977
7692501	6751978
7692502	6751979
7692503	6751980
7692504	6751981
7692505	6751982
7692506	6751983
7692507	6751984
7692508	6751985
7692509	6751986
7692510	6751987
7692511	6751988
7692512	6751989
7692513	6751990
7692514	6751991
7692515	6751992
7692516	6751993
7692517	6751994
7692518	6751995
7692519	6751996
7692520	6751997
7692521	6751998
7692522	6751999
7692523	6752000
7692524	6752001
7692525	6752002
7692526	6752003
7692527	6752004
7692528	6752005
7692529	6752006
7692530	6752007
7692531	6752008
7692532	6752009
7692533	6752010
7692534	6752011
7692535	6752012
7692536	6752013
7692537	6752014
7692538	6752015
7692539	6752016
7692540	6752017
7692541	6752018
7692542	6752019
7692543	6752020
7692544	6752021
7692545	6752022
7692546	6752023
7692547	6752024
7692548	6752025
7692549	6752026
7692550	6752027
7692551	6752028
7692552	6752029
7692553	6752030
7692554	6752031
7692555	6752032
7692556	6752033
7692557	6752034
7692558	6752035
7692559	6752036
7692560	6752037
7692561	6752038
7692562	6752039
7692563	6752040
7692564	6752041
7692565	6752042
7692566	6752043
7692567	6752044
7692568	6752045
7692569	6752046
7692570	6752047
7692571	6752048
7692572	6752049
7692573	6752050
7692574	6752051
7692575	6752052
7692576	6752053
7692577	6752054
7692578	6752055
7692579	6752056
7692580	6752057
7692581	6752058
7692582	6752059
7692583	6752060
7692584	6752061
7692585	6752062
7692586	6752063
7692587	6752064
7692588	6752065
7692589	6752066
7692590	6752067
7692591	6752068
7692592	6752069
7692593	6752070
7692594	6752071
7692595	6752072
7692596	6752073
7692597	6752074
7692598	6752075
7692599	6752076
7692600	6752077
7692601	6752078
7692602	6752079
7692603	6752080
7692604	6752081
7692605	6752082
7692606	6752083
7692607	6752084
7692608	6752085
7692609	6752086
7692610	6752087
7692611	4791636
7692612	6752088
7692613	6752089
7692614	6752090
7692615	6752091
7692616	6752092
7692617	6752093
7692618	6752094
7692619	6752095
7692620	6752096
7692621	6752097
7692622	6752098
7692623	6752099
7692624	6752100
7692625	6752101
7692626	6752102
7692627	6752103
7692628	6752104
7692629	6752105
7692630	6752106
7692631	6752107
7692632	6752108
7692633	6752109
7692634	6752110
7692635	6752111
7692636	6752112
7692637	6752113
7692638	6752114
7692639	6752115
7692640	6752116
7692641	6752117
7692642	6752118
7692643	6752119
7692644	6752120
7692645	6752121
7692646	6752122
7692647	6752123
7692648	6752124
7692649	6752125
7692650	6752126
7692651	6752127
7692652	6752128
7692653	6752129
7692654	6752130
7692655	6752131
7692656	6752132
7692657	6752133
7692658	6752134
7692659	6752135
7692660	6752136
7692661	6752137
7692662	6752138
7692663	6752139
7692664	6752140
7692665	6752141
7692666	6752142
7692667	6752143
7692668	6752144
7692669	6752145
7692670	6752146
7692671	6752147
7692672	6752148
7692673	6752149
7692674	6752150
7692675	6752151
7692676	6752152
7692677	6752153
7692678	6752154
7692679	6752155
7692680	6752156
7692681	6752157
7692682	6752158
7692683	6752159
7692684	6752160
7692685	6752161
7692686	6752162
7692687	6752163
7692688	6752164
7692689	6752165
7692690	6752166
7692691	6752167
7692692	6752168
7692693	6752169
7692694	6752170
7692695	6752171
7692696	6752172
7692697	6752173
7692698	6752174
7692699	6752175
7692700	6752176
7692701	6752177
7692702	6752178
7692703	6752179
7692704	6752180
7692705	6752181
7692706	6752182
7692707	6752183
7692708	6752184
7692709	6752185
7692710	6752186
7692711	6752187
7692712	6752188
7692713	6752189
7692714	6752190
7692715	6752191
7692716	6752192
7692717	6752193
7692718	6752194
7692719	6752195
7692720	6752196
7692721	6752197
7692722	6752198
7692723	6752199
7692724	6752200
7692725	6752201
7692726	6752202
7692727	6752203
7692728	6752204
7692729	6752205
7692730	6752206
7692731	6752207
7692732	6752208
7692733	6752210
7692734	6752211
7692735	6752212
7692736	6752213
7692737	6752214
7692738	6752215
7692739	6752216
7692740	4791637
7692741	6752217
7692742	6752218
7692743	6752219
7692744	6752220
7692745	6752221
7692746	6752222
7692747	4791638
7692748	4791737
7692749	4791867
7692750	4791870
7692752	4791875
7692753	4791886
7692754	4791893
7692755	4791894
7692756	4791895
7692757	4791901
7692758	6752223
7692759	6752224
7692760	6752225
7692761	6752226
7692762	6752227
7692763	6752228
7692764	6752229
7692765	6752230
7692766	6752231
7692767	6752232
7692768	6752233
7692769	6752234
7692770	6752235
7692771	6752236
7692772	6752237
7692773	6752238
7692774	6752239
7692775	6752240
7692776	6752241
7692777	6752242
7692778	6752243
7692779	6752244
7692780	6752245
7692781	6752246
7692782	6752247
7692783	6752248
7692784	6752249
7692785	6752250
7692786	6752251
7692787	6752252
7692788	6752253
7692789	6752254
7692790	6752255
7692791	6752256
7692792	6752257
7692793	6752258
7692794	6752259
7692795	6752260
7692796	6752261
7692797	6752262
7692798	6752263
7692799	6752264
7692800	6752265
7692801	6752266
7692802	6752267
7692803	6752268
7692804	6752269
7692805	6752270
7692806	6752271
7692807	6752272
7692808	6752273
7692809	6752274
7692810	6752275
7692811	6752276
7692812	6752277
7692813	6752278
7692814	6752279
7692815	6752280
7692816	6752281
7692817	6752282
7692818	6752283
7692819	6752284
7692820	6752285
7692821	6752286
7692822	6752287
7692823	6752288
7692824	6752289
7692825	6752290
7692826	6752291
7692827	6752292
7692828	6752293
7692829	6752294
7692830	6752295
7692831	6752296
7692832	6752297
7692833	6752298
7692834	6752299
7692835	6752300
7692836	6752301
7692837	6752302
7692838	6752303
7692839	6752304
7692840	6752305
7692841	6752306
7692842	6752307
7692843	6752308
7692844	6752309
7692845	6752310
7692846	6752311
7692847	6752312
7692848	6752313
7692849	6752314
7692850	6752315
7692851	6752316
7692852	6752317
7692853	6752318
7692854	6752319
7692855	6752320
7692856	6752321
7692857	6752322
7692858	6752323
7692859	6752324
7692860	6752325
7692861	6752326
7692862	6752327
7692863	6752328
7692864	6752329
7692865	6752330
7692866	6752331
7692867	6752332
7692868	6752333
7692869	6752334
7692870	6752335
7692871	6752336
7692872	6752337
7692873	6752338
7692874	6752339
7692875	6752340
7692876	6752341
7692877	6752342
7692878	6752343
7692879	6752344
7692880	6752345
7692881	6752346
7692882	6752347
7692883	6752348
7692884	6752349
7692885	6752350
7692886	6752351
7692887	6752352
7692888	6752353
7692889	6752354
7692890	6752355
7692891	6752356
7692892	6752357
7692893	6752358
7692894	6752359
7692895	6752360
7692896	6752361
7692897	6752362
7692898	6752363
7692899	6752364
7692900	6752365
7692901	6752366
7692902	6752367
7692903	6752368
7692904	6752369
7692905	6752370
7692906	6752371
7692907	6752372
7692908	6752373
7692909	6752374
7692910	6752375
7692911	6752376
7692912	6752377
7692913	6752378
7692914	6752379
7692915	6752380
7692916	6752381
7692917	6752382
7692918	6752383
7692919	6752384
7692920	6752385
7692921	6752386
7692922	6752387
7692923	6752388
7692924	6752389
7692925	6752390
7692926	6752391
7692927	6752392
7692928	4791903
7692929	6752393
7692930	6752394
7692931	6752395
7692932	6752396
7692933	6752397
7692934	6752398
7692935	6752399
7692936	6752400
7692937	6752401
7692938	6752402
7692939	6752403
7692940	6752404
7692941	6752405
7692942	6752406
7692943	6752407
7692944	6752408
7692945	6752409
7692946	6752410
7692947	6752411
7692948	6752412
7692949	6752413
7692950	6752414
7692951	6752415
7692952	6752416
7692953	6752417
7692954	6752418
7692955	6752419
7692956	6752420
7692957	6752421
7692958	6752422
7692959	6752423
7692960	6752424
7692961	6752425
7692962	6752426
7692963	6752427
7692964	6752428
7692965	6752429
7692966	6752430
7692967	6752431
7692968	6752432
7692969	6752433
7692970	6752434
7692971	6752435
7692972	6752436
7692973	6752437
7692974	6752438
7692975	6752439
7692976	6752440
7692977	6752441
7692978	6752442
7692979	6752443
7692980	6752444
7692981	6752445
7692982	6752446
7692983	6752447
7692984	6752448
7692985	6752449
7692986	6752450
7692987	6752451
7692988	6752452
7692989	6752453
7692990	6752454
7692991	6752455
7692992	6752456
7692993	6752457
7692994	6752458
7692995	6752459
7692996	6752460
7692997	6752461
7692998	6752462
7692999	6752463
7693000	6752464
7693001	6752465
7693002	6752466
7693003	6752467
7693004	6752468
7693005	6752469
7693006	6752470
7693007	6752471
7693008	6752472
7693009	6752473
7693010	6752474
7693011	6752475
7693012	6752476
7693013	6752477
7693014	6752478
7693015	6752479
7693016	6752480
7693017	6752481
7693018	6752482
7693019	6752483
7693020	6752484
7693021	6752485
7693022	6752486
7693023	4791905
7693025	4791907
7693026	6752487
7693027	6752488
7693028	6752489
7693029	6752490
7693030	6752491
7693031	6752492
7693032	6752493
7693033	6752494
7693034	6752495
7693035	6752496
7693036	6752497
7693037	6752498
7693038	6752499
7693039	6752500
7693040	6752501
7693041	6752502
7693042	6752503
7693043	6752504
7693044	6752505
7693045	6752506
7693046	6752507
7693047	6752508
7693048	6752509
7693049	6752510
7693050	6752511
7693051	6752512
7693052	6752513
7693053	6752514
7693054	6752515
7693055	6752516
7693056	6752517
7693057	6752518
7693058	6752519
7693059	6752520
7693060	6752521
7693061	6752522
7693062	6752523
7693063	6752524
7693064	6752525
7693065	6752526
7693066	6752527
7693067	6752528
7693068	6752529
7693069	6752530
7693070	6752531
7693071	6752532
7693072	6752533
7693073	6752534
7693074	6752535
7693075	6752536
7693076	6752537
7693077	6752538
7693078	6752539
7693079	6752540
7693080	6752541
7693081	6752542
7693082	6752543
7693083	6752544
7693084	6752545
7693085	6752546
7693086	6752547
7693087	6752548
7693088	6752549
7693089	6752550
7693090	6752551
7693091	6752552
7693092	6752553
7693093	6752554
7693094	6752555
7693095	6752556
7693096	6752557
7693097	6752558
7693098	6752559
7693099	6752560
7693100	6752561
7693101	6752562
7693102	6752563
7693103	6752564
7693104	6752565
7693105	6752566
7693106	6752567
7693107	6752568
7693108	6752569
7693109	6752570
7693110	6752571
7693111	6752572
7693112	6752573
7693113	6752574
7693114	6752575
7693115	6752576
7693116	6752577
7693117	6752578
7693118	6752579
7693119	6752580
7693120	6752581
7693121	6752582
7693122	6752583
7693123	6752584
7693124	6752585
7693125	6752586
7693126	6752587
7693127	6752588
7693128	6752589
7693129	6752590
7693130	6752591
7693131	6752592
7693132	6752593
7693133	6752594
7693134	6752595
7693135	6752596
7693136	6752597
7693137	6752598
7693138	6752599
7693139	6752600
7693140	6752601
7693141	6752602
7693142	6752603
7693143	6752604
7693144	6752605
7693145	6752606
7693146	6752607
7693147	6752608
7693148	6752609
7693149	6752610
7693150	6752611
7693151	6752612
7693152	6752613
7693153	6752614
7693154	6752615
7693155	6752616
7693156	6752617
7693157	6752618
7693158	6752619
7693159	6752620
7693160	6752621
7693161	6752622
7693162	6752623
7693163	6752624
7693164	6752625
7693165	6752626
7693166	6752627
7693167	6752628
7693168	6752629
7693169	6752630
7693170	6752631
7693171	6752632
7693172	6752633
7693173	6752634
7693174	6752635
7693175	6752636
7693176	6752637
7693177	6752638
7693178	6752639
7693179	6752640
7693180	6752641
7693181	6752642
7693182	6752643
7693183	6752644
7693184	6752645
7693185	6752646
7693186	6752647
7693187	6752648
7693188	6752649
7693189	6752650
7693190	6752651
7693191	6752652
7693192	6752653
7693193	6752654
7693194	6752655
7693195	6752656
7693196	6752657
7693197	6752658
7693198	6752659
7693199	6752660
7693200	6752661
7693201	6752662
7693202	6752663
7693203	6752664
7693204	6752665
7693205	6752666
7693206	6752667
7693207	6752668
7693208	6752669
7693209	6752670
7693210	6752671
7693211	6752672
7693211	6752735
7693212	6752673
7693213	6752674
7693214	6752675
7693215	6752676
7693216	6752677
7693217	6752678
7693218	6752679
7693219	6752680
7693220	6752681
7693221	6752682
7693222	6752683
7693223	6752684
7693224	6752685
7693225	6752686
7693226	6752687
7693227	6752688
7693228	6752689
7693229	6752690
7693230	6752691
7693231	6752692
7693232	6752693
7693233	6752694
7693234	6752695
7693235	6752696
7693236	6752697
7693237	6752698
7693238	6752699
7693239	6752700
7693240	6752701
7693241	6752702
7693242	6752703
7693243	6752704
7693244	6752705
7693245	6752706
7693246	6752707
7693247	6752708
7693248	6752709
7693249	6752710
7693250	6752711
7693251	6752712
7693252	6752713
7693253	6752714
7693254	6752715
7693255	6752716
7693256	6752717
7693257	6752718
7693258	6752719
7693259	6752720
7693260	6752721
7693261	6752722
7693262	6752723
7693263	6752724
7693264	6752725
7693265	6752726
7693266	6752727
7693267	6752728
7693268	6752729
7693269	6752730
7693270	6752731
7693271	6752732
7693272	6752733
7693273	6752734
7693274	6752736
7693275	6752737
7693276	6752738
7693277	6752739
7693278	6752740
7693279	6752741
7693280	6752742
7693281	6752743
7693282	6752744
7693283	6752745
7693284	6752746
7693285	6752747
7693286	6752748
7693287	6752749
7693288	6752750
7693289	6752751
7693290	6752752
7693291	6752753
7693292	6752754
7693293	6752755
7693294	6752756
7693295	6752757
7693296	6752758
7693297	6752759
7693298	6752760
7693299	6752761
7693300	6752762
7693301	6752763
7693302	6752764
7693303	6752765
7693304	6752766
7693305	6752767
7693306	6752768
7693307	6752769
7693308	6752770
7693309	6752771
7693310	6752772
7693311	6752773
7693312	6752774
7693313	6752775
7693314	6752776
7693315	6752777
7693316	6752778
7693317	6752779
7693318	6752780
7693319	6752781
7693320	6752782
7693321	6752783
7693322	6752784
7693323	6752785
7693324	6752786
7693325	6752787
7693326	6752788
7693327	6752789
7693328	6752790
7693329	6752791
7693330	6752792
7693331	6752793
7693332	6752794
7693333	6752795
7693334	6752796
7693335	6752797
7693336	6752798
7693337	6752799
7693338	6752800
7693339	6752801
7693340	6752802
7693341	6752803
7693342	6752804
7693343	6752805
7693344	6752806
7693345	6752807
7693346	6752808
7693347	6752809
7693348	6752810
7693349	6752811
7693350	6752812
7693351	6752813
7693352	6752814
7693353	6752815
7693354	6752816
7693355	6752817
7693356	6752818
7693357	6752819
7693358	6752820
7693359	6752821
7693360	6752822
7693361	6752823
7693362	6752824
7693363	6752825
7693364	6752826
7693365	6752827
7693366	6752828
7693367	6752829
7693368	6752830
7693369	6752831
7693370	6752832
7693371	6752833
7693372	6752834
7693373	6752835
7693374	6752836
7693375	6752837
7693376	6752838
7693377	6752839
7693378	6752840
7693379	6752841
7693380	6752842
7693381	6752843
7693382	6752844
7693383	6752845
7693384	6752846
7693385	6752847
7693386	6752848
7693387	6752849
7693388	6752850
7693389	6752851
7693390	6752852
7693391	6752853
7693392	6752854
7693393	6752855
7693394	6752856
7693395	6752857
7693396	6752858
7693397	6752859
7693398	6752860
7693399	6752861
7693400	6752862
7693401	6752863
7693402	6752864
7693403	6752865
7693404	6752866
7693405	6752867
7693406	6752868
7693407	6752869
7693408	6752870
7693409	6752871
7693410	6752872
7693411	6752873
7693412	6752874
7693413	6752875
7693414	6752876
7693415	6752877
7693416	6752878
7693417	6752879
7693418	6752880
7693419	6752881
7693420	6752882
7693421	6752883
7693422	6752884
7693423	6752885
7693424	6752886
7693425	6752887
7693426	6752888
7693427	6752889
7693428	6752890
7693429	6752891
7693430	6752892
7693431	6752893
7693432	6752894
7693433	6752895
7693434	6752896
7693435	6752897
7693436	6752898
7693437	6752899
7693438	6752900
7693439	6752901
7693440	6752902
7693441	6752903
7693442	6752904
7693443	6752905
7693444	6752906
7693445	6752907
7693446	6752908
7693447	6752909
7693448	6752910
7693449	6752911
7693450	6752912
7693451	6752913
7693452	6752914
7693453	6752915
7693454	6752916
7693455	6752917
7693456	6752918
7693457	6752919
7693458	6752920
7693459	6752921
7693460	6752922
7693461	6752923
7693462	6752924
7693463	6752925
7693464	6752926
7693465	6752927
7693466	6752928
7693467	6752929
7693468	6752930
7693469	6752931
7693470	6752932
7693471	6752933
7693472	6752934
7693473	6752935
7693474	6752936
7693475	6752937
7693476	6752938
7693477	6752939
7693478	6752940
7693479	6752941
7693480	6752942
7693481	6752943
7693482	6752944
7693483	6752945
7693484	6752946
7693485	6752947
7693486	6752948
7693487	6752949
7693488	6752950
7693489	6752951
7693490	6752952
7693491	6752953
7693492	6752954
7693493	6752955
7693494	6752956
7693495	6752957
7693496	6752958
7693497	6752959
7693498	6752960
7693499	6752961
7693500	6752962
7693501	6752963
7693502	6752964
7693503	6752965
7693504	6752966
7693505	6752967
7693506	6752968
7693507	6752969
7693508	6752970
7693509	6752971
7693510	6752972
7693511	6752973
7693512	6752974
7693513	6752975
7693514	6752976
7693515	6752977
7693516	6752978
7693517	6752979
7693518	6752980
7693519	6752981
7693520	6752982
7693521	6752983
7693522	6752984
7693523	6752985
7693524	6752986
7693525	6752987
7693526	6752988
7693527	6752989
7693528	6752990
7693529	6752991
7693530	6752992
7693531	6752993
7693532	6752994
7693533	6752995
7693534	6752996
7693535	6752997
7693536	6752998
7693537	6752999
7693538	6753000
7693539	6753001
7693540	6753002
7693541	6753003
7693542	6753004
7693543	6753005
7693544	6753006
7693545	6753007
7693546	6753008
7693547	6753009
7693548	6753010
7693549	6753011
7693550	6753012
7693551	6753013
7693552	6753014
7693553	6753015
7693554	6753016
7693555	6753017
7693556	6753018
7693557	6753019
7693558	6753020
7693559	6753021
7693560	6753022
7693561	6753023
7693562	6753024
7693563	6753025
7693564	6753026
7693565	6753027
7693566	6753028
7693567	6753029
7693568	6753030
7693569	6753031
7693570	6753032
7693571	6753033
7693572	6753034
7693573	6753035
7693574	6753036
7693575	6753037
7693576	6753038
7693577	6753039
7693578	6753040
7693579	6753041
7693580	6753042
7693581	6753043
7693582	6753044
7693583	6753045
7693584	6753046
7693585	6753047
7693586	6753048
7693587	6753049
7693588	2241579
7693589	2241579
7693590	2241579
7693591	494742
7693592	494742
7693593	494742
7693594	494742
7693595	494742
7693599	7693600
7693599	7693604
7693600	7693599
7693601	7693660
7693602	7693603
7693603	7693602
7693603	7693605
7693604	7693599
7693605	7693603
7693606	6262237
7693607	7653878
7693608	7653878
7693609	7653878
7693610	7653878
7693611	7653878
7693612	7653878
7693613	7518763
7693613	7520758
7693614	7518763
7693614	7520758
7693615	2812973
7693616	2812973
7693617	2489064
7693618	7683472
7693619	7683472
7693620	7683472
7693621	7683472
7693622	7683472
7693623	7683472
7693624	7683468
7693625	7683455
7693626	7683456
7693627	7683422
7693628	7683422
7693629	7681729
7693630	7681729
7693631	7681729
7693632	7681729
7693633	7681729
7693634	7681729
7693635	7681729
7693636	7681729
7693637	7681729
7693638	7681729
7693639	7681729
7693640	7681729
7693641	7681729
7693642	7681729
7693643	7681727
7693644	7681727
7693645	7681727
7693646	7681727
7693647	7681727
7693648	7681727
7693649	7681727
7693650	7681727
7693651	7681727
7693652	7681727
7693653	7681727
7693654	7681727
7693655	7681719
7693656	7681719
7693657	7681662
7693658	7681663
7693659	7681663
7693660	7693601
7693661	7681659
7693662	7681659
7693663	7681661
7693664	7681660
7693665	7681660
7693666	7679764
7693667	7684909
7693667	7693673
7693668	7679689
7693669	7679689
7693670	7683938
7693670	7683939
7693670	7684904
7693670	7684909
7693670	7693673
7693671	7673580
7693672	7673580
7693673	7683939
7693673	7683940
7693673	7684904
7693673	7684909
7693673	7693667
7693673	7693670
7693673	7693717
7693674	7684904
7693674	7684909
7693675	5769005
7693676	5769005
7693677	5769005
7693678	5769005
7693679	5769005
7693680	5769005
7693681	4029299
7693681	4036121
7693682	4029299
7693682	4036121
7693683	3924648
7693685	5735619
7693686	7513463
7693687	7513463
7693688	7513463
7693689	7513463
7693690	7396334
7693691	7186521
7693692	7179551
7693693	6650954
7693694	6650954
7693696	6520828
7693697	5846354
7693698	5673150
7693698	7693699
7693699	4924939
7693699	4924942
7693699	5673150
7693699	7693698
7693699	7693700
7693699	7693716
7693700	7693699
7693701	4632284
7693702	3818076
7693703	3151462
7693703	7693704
7693704	3151462
7693704	5496810
7693704	5628575
7693704	7693703
7693705	2955677
7693706	2955677
7693706	7693715
7693707	2955677
7693708	2406598
7693709	2360974
7693709	7693711
7693710	2360974
7693710	7693711
7693711	2360974
7693711	2650447
7693711	5473343
7693711	7693709
7693711	7693710
7693712	347688
7693713	807505
7693714	803231
7693715	7693706
7693716	7693699
7693717	7693673
7693718	716113
7693719	7684476
7693720	53591
7693721	7684473
7693721	7684474
7693723	7264668
7693724	7684474
7693725	7684474
7693726	7676344
7693727	7676344
7693728	70931
7693729	70931
7693731	70931
7693732	473295
7693733	664844
7693734	3443144
7693735	3740370
7693736	6093455
7693737	6093455
7693738	7484962
7693739	7485584
7693740	7485584
7693741	5824068
7693742	7499761
7693742	7499763
7693744	7526307
7693745	7532955
7693746	7532956
7693747	7532957
7693748	7562520
7693749	7623481
7693750	7623495
7693751	887257
7693752	7623700
7693753	7623711
7693754	7624896
7693755	7627100
7693756	7627100
7693757	7627477
7693758	7627477
7693759	7627620
7693760	7627624
7693761	7627624
7693762	7632276
7693763	7632276
7693764	7669028
7693765	422881
7693766	422881
7693767	422885
7693768	623138
7693769	642812
7693770	659417
7693771	662033
7693772	668928
7693773	668928
7693774	669374
7693775	698855
7693776	710890
7693777	740005
7693778	780103
7693779	780103
7693780	818797
7693781	826958
7693782	826958
7693783	1021328
7693784	1099693
7693785	1206930
7693786	1206930
7693787	1497367
7693788	1497367
7693789	1497367
7693790	1497367
7693791	1497367
7693792	1533637
7693793	1533637
7693794	2918402
7693795	2961266
7693795	7693830
7693796	2961266
7693796	7693830
7693797	3209496
7693798	3209590
7693799	3209590
7693800	3349945
7693801	3484762
7693802	3550407
7693803	3551999
7693804	3551999
7693805	3584756
7693806	3584756
7693807	5622578
7693807	6476636
7693808	7693833
7693809	5677077
7693809	6636087
7693810	5765771
7693811	5939836
7693812	5945966
7693813	5945966
7693814	6034339
7693815	6034339
7693816	6036276
7693817	413286
7693817	2734717
7693817	2800712
7693817	2800713
7693817	3765517
7693818	333596
7693818	4905459
7693819	333596
7693819	4905459
7693820	344592
7693821	344592
7693822	5937880
7693823	5937880
7693824	362107
7693825	364990
7693826	402022
7693827	1477910
7693828	402022
7693829	408916
7693830	2868400
7693830	2868408
7693830	2868748
7693830	2961264
7693830	2961266
7693830	3110043
7693830	3172874
7693830	4853596
7693830	7693795
7693830	7693796
7693830	7693831
7693830	7693832
7693831	7693830
7693832	7693830
7693833	7693808
7693834	432451
7693835	432451
7693836	441674
7693837	3932577
7693839	3241685
7693840	6658774
7693841	6454717
7693842	5909735
7693843	317496
7693844	6256140
7693845	6654065
7693846	6437841
7693847	6434246
7693848	6431808
7693849	6352476
7693850	3438736
7693851	3438736
