11573575	8334582
11573576	6661742
11573577	3142752
11573578	8933075
11573579	3330153
11573580	8183586
11573582	1413349
11573583	2643109
11573585	267777
11573587	6530268
11573610	5729869
11573614	5127367
11573622	11573625
11573622	11573632
11573622	11573633
11573622	11573636
11573622	11573641
11573622	11573642
11573622	11573646
11573622	11573649
11573622	11573650
11573622	11573653
11573622	11573655
11573625	11573622
11573632	11573622
11573633	11573622
11573634	11573635
11573635	11573634
11573636	11573622
11573637	11573640
11573638	11573639
11573638	11573643
11573639	11573638
11573640	11573637
11573641	11573622
11573642	11573622
11573643	11573638
11573644	11573645
11573645	11573644
11573646	11573622
11573647	5644350
11573648	10771024
11573649	11573622
11573650	11573622
11573651	11573652
11573652	11573651
11573653	11573622
11573654	2643109
11573655	11573622
11573656	11573657
11573657	11573656
11573658	11146037
11573659	11146037
11573660	6225631
11573661	11573662
11573662	11573661
11573663	10759007
11573664	10759007
11573665	11573667
11573666	10544186
11573667	11573665
11573668	11573671
11573668	11573679
11573668	11573684
11573668	11573685
11573668	11573689
11573668	11573695
11573668	11573700
11573668	11573726
11573668	11573735
11573668	11573738
11573668	11573739
11573668	11573741
11573669	307390
11573670	5276156
11573671	11573668
11573672	11573674
11573673	370651
11573674	11573672
11573675	8209951
11573676	11573677
11573677	11573676
11573678	11573680
11573679	11573668
11573680	11573678
11573681	70376
11573682	70376
11573683	70376
11573684	11573668
11573685	11573668
11573686	11573687
11573687	11573686
11573689	11573668
11573691	11573694
11573692	11560656
11573694	11573691
11573695	11573668
11573697	11573698
11573698	11573697
11573699	1027344
11573700	11573668
11573701	9295598
11573702	11573703
11573703	11573702
11573704	5458163
11573711	10781401
11573726	11573668
11573727	11567131
11573728	11567131
11573729	11543771
11573730	11573732
11573731	11543277
11573732	11573730
11573733	11542985
11573734	11542985
11573735	11573668
11573736	11542983
11573737	11542959
11573738	11573668
11573739	11573668
11573740	11573742
11573741	11573668
11573742	11573740
11573743	11573744
11573744	11573743
11573745	599699
11573747	2368090
11573749	1450813
11573750	5187021
11573771	10745711
11573779	519544
11573779	519545
11573779	520270
11573779	526959
11573779	1875351
11573779	1979972
11573779	2675444
11573779	2793249
11573779	2939749
11573779	3138756
11573779	8754075
11573780	6892299
11573780	6892523
11573786	3910925
11573787	250860
11573789	10240061
11573792	3068247
11573794	2278264
11573796	10158071
11573798	6499374
11573799	5817290
11573800	3303476
11573802	11565696
11573805	11565696
11573806	3415128
11573807	10741598
11573809	8859114
11573810	11564138
11573810	11564384
11573811	66007
11573814	3392570
11573816	11195578
11573817	7737260
11573818	11563762
11573819	11563744
11573820	11563537
11573820	11563602
11573821	2941963
11573823	5270325
11573825	11573826
11573826	11573825
11573827	11573828
11573828	11573827
11573830	8690141
11573830	8700554
11573830	8703128
11573830	11573831
11573831	8690141
11573831	8700554
11573831	8703128
11573831	11573830
11573832	8684174
11573832	10184837
11573835	8312397
11573835	8322578
11573837	6604257
11573837	11574318
11573841	11573842
11573842	11573841
11573845	6211319
11573845	11573886
11573845	11574084
11573845	11574102
11573845	11574182
11573846	3712749
11573846	3717769
11573846	3717772
11573846	3717776
11573846	3717778
11573846	3717792
11573846	3747799
11573846	7041891
11573847	5178604
11573848	5756979
11573849	8529847
11573850	5738500
11573851	11573852
11573852	11573851
11573853	11495696
11573853	11563472
11573853	11563530
11573856	10034162
11573857	11573858
11573858	11573857
11573859	8702828
11573860	3050485
11573860	8701020
11573860	11573861
11573860	11573874
11573861	3050485
11573861	8701020
11573861	11573860
11573861	11573874
11573862	11573863
11573863	11573862
11573866	11573867
11573867	11573866
11573868	3553381
11573870	11573871
11573871	11573870
11573872	11560016
11573873	11574069
11573873	11574073
11573873	11574074
11573873	11574078
11573873	11574190
11573873	11574193
11573874	3050485
11573874	8701020
11573874	11573860
11573874	11573861
11573882	11573883
11573883	11573882
11573886	6211319
11573886	11573845
11573886	11574081
11573886	11574084
11573886	11574100
11573886	11574102
11573887	11573889
11573889	11573887
11573894	11573896
11573895	2644578
11573895	4229472
11573896	11573894
11573899	2644578
11573899	2726579
11573899	4229472
11573900	2644578
11573900	4229472
11573905	11573906
11573906	11573905
11573910	11573911
11573911	11573910
11573912	11573913
11573913	11573912
11573916	11573991
11573917	3291395
11573917	8016311
11573922	11573923
11573923	11573922
11573924	11559951
11573924	11560765
11573926	11573927
11573926	11574041
11573927	11573926
11573927	11574041
11573929	11083200
11573931	9078036
11573937	11542974
11573959	4003189
11573962	10054807
11573962	10054808
11573962	10272212
11573962	10275282
11573962	11236927
11573962	11318633
11573962	11318665
11573962	11318669
11573962	11319504
11573963	10054807
11573963	10054808
11573963	10272212
11573963	10275282
11573963	11236927
11573963	11318633
11573963	11318665
11573968	11559095
11573968	11559229
11573970	1399624
11573971	7886488
11573972	11556806
11573973	11556806
11573974	3257583
11573975	6736427
11573976	11549379
11573977	11547598
11573979	10727168
11573979	10729733
11573979	10729735
11573979	11572910
11573979	11573982
11573980	11546758
11573981	11546758
11573982	10727168
11573982	10729733
11573982	10729735
11573982	11572910
11573982	11573979
11573983	11546756
11573984	11546756
11573985	11573987
11573985	11573990
11573986	11573988
11573987	11573985
11573987	11573990
11573988	11573986
11573989	11542710
11573989	11542729
11573990	11573985
11573990	11573987
11573991	11573916
11573992	11573993
11573993	11573992
11573994	11573995
11573995	11573994
11573996	11573997
11573997	11573996
11573998	2007584
11573999	10510410
11574000	11574001
11574001	11574000
11574003	2007584
11574004	2007584
11574007	5825711
11574007	6644491
11574007	11532397
11574008	11531955
11574010	8733258
11574015	460191
11574016	460191
11574018	11531686
11574022	11574025
11574025	11574022
11574028	11531684
11574030	11531291
11574032	11531291
11574033	11531291
11574034	11528591
11574035	10471577
11574037	5249183
11574038	5249183
11574041	11573926
11574041	11573927
11574060	4666757
11574061	4878150
11574068	298103
11574069	11573873
11574069	11574073
11574069	11574074
11574069	11574078
11574069	11574193
11574069	11574317
11574070	11574072
11574072	11574070
11574073	11573873
11574073	11574069
11574073	11574074
11574073	11574078
11574073	11574190
11574074	11573873
11574074	11574069
11574074	11574073
11574074	11574078
11574074	11574190
11574075	7052763
11574075	11574186
11574076	11087700
11574078	11573873
11574078	11574069
11574078	11574073
11574078	11574074
11574081	6211319
11574081	11573886
11574081	11574084
11574081	11574100
11574081	11574182
11574081	11574314
11574082	992505
11574083	7052763
11574083	11574185
11574084	6211319
11574084	11573845
11574084	11573886
11574084	11574081
11574084	11574100
11574084	11574102
11574084	11574181
11574084	11574182
11574085	896840
11574087	7052763
11574087	7060372
11574087	11109328
11574087	11574090
11574087	11574186
11574088	11574089
11574089	11574088
11574090	11574087
11574091	11574093
11574091	11574096
11574093	11574091
11574093	11574097
11574096	11574091
11574097	11574093
11574098	11574103
11574098	11574106
11574099	3405423
11574100	6211319
11574100	11573886
11574100	11574081
11574100	11574084
11574101	11574105
11574102	6211319
11574102	11573845
11574102	11573886
11574102	11574084
11574103	11574098
11574104	1535517
11574105	11574101
11574106	11574098
11574107	1571058
11574108	1258410
11574109	11087695
11574110	3703084
11574111	3504058
11574111	4117043
11574111	7451620
11574111	7452201
11574111	11473268
11574111	11574345
11574112	11087694
11574113	11087694
11574114	7487144
11574115	7487144
11574116	7487144
11574117	7487144
11574118	7209073
11574119	7209073
11574122	11087696
11574123	7238322
11574124	11524089
11574125	11524089
11574126	8777528
11574127	7209152
11574128	7209152
11574129	10737152
11574130	7838527
11574131	5713725
11574132	11574133
11574133	11574132
11574134	3104530
11574135	2258874
11574136	11574138
11574137	687689
11574138	11574136
11574139	1705620
11574140	11524036
11574141	11524036
11574142	5110601
11574144	10046577
11574146	2314019
11574149	11077180
11574151	11574152
11574151	11574333
11574152	11574151
11574153	5975690
11574154	2106018
11574157	2618671
11574157	3837005
11574157	8188007
11574157	8250177
11574157	11574177
11574158	6879267
11574160	1003449
11574160	1006260
11574160	5324461
11574160	8807706
11574160	10793220
11574162	10695756
11574163	8344992
11574164	9627929
11574166	11574315
11574167	2451215
11574168	6346184
11574169	1028506
11574170	1028506
11574170	4595985
11574170	6712110
11574171	6349383
11574172	10942491
11574173	1886619
11574174	5850042
11574175	2334128
11574176	1886827
11574177	2548186
11574177	3836924
11574177	8188007
11574177	8250176
11574177	8250177
11574177	9855669
11574177	11574157
11574178	7520978
11574180	10171918
11574181	11574084
11574182	11573845
11574182	11574081
11574182	11574084
11574183	11518229
11574184	10586863
11574184	11517061
11574185	7052763
11574185	7060372
11574185	11574083
11574185	11574186
11574186	7052763
11574186	7060372
11574186	11574075
11574186	11574087
11574186	11574185
11574187	3355104
11574188	7053850
11574189	7053864
11574190	11573873
11574190	11574073
11574190	11574074
11574193	11573873
11574193	11574069
11574202	2841733
11574203	1632278
11574204	1334169
11574205	10737562
11574206	10737562
11574207	9461861
11574207	9461912
11574208	1341300
11574209	1309620
11574210	5473985
11574210	11574304
11574211	1309620
11574212	5473985
11574212	11574305
11574213	11573341
11574213	11574300
11574214	11573341
11574214	11574299
11574216	5665549
11574217	11573420
11574217	11573446
11574218	11511502
11574218	11511507
11574219	9489714
11574220	10622736
11574221	10622736
11574222	7052762
11574222	7054145
11574222	7060371
11574222	11572542
11574222	11572544
11574222	11572545
11574223	11572538
11574223	11572543
11574223	11573321
11574223	11574232
11574223	11574245
11574223	11574250
11574223	11574267
11574225	11510851
11574226	11510850
11574227	11510848
11574228	2946766
11574228	11574231
11574228	11574265
11574229	11510846
11574230	9561581
11574231	11574228
11574232	11572543
11574232	11574223
11574233	6380815
11574234	11574237
11574234	11574574
11574235	11510432
11574235	11510443
11574235	11510452
11574236	2583321
11574236	2588579
11574236	2689570
11574236	4004704
11574236	7555249
11574236	10946860
11574237	11574234
11574238	2644917
11574238	6617602
11574238	7555251
11574238	7636819
11574238	10946875
11574239	11509503
11574240	11574242
11574241	11509109
11574242	11574240
11574242	11574340
11574242	11574341
11574243	11509027
11574243	11509032
11574245	11572538
11574245	11572543
11574245	11573321
11574245	11574223
11574245	11574250
11574246	11574248
11574248	10194143
11574248	11574246
11574250	11572538
11574250	11572543
11574250	11573321
11574250	11574223
11574250	11574245
11574250	11574267
11574250	11574293
11574252	11574264
11574253	1556549
11574254	1556549
11574255	11574331
11574259	11574260
11574260	11574259
11574263	10530481
11574264	11574252
11574265	11574228
11574267	11574223
11574267	11574250
11574270	11574274
11574270	11574276
11574270	11574278
11574271	11508638
11574272	11574290
11574274	11574270
11574274	11574276
11574274	11574278
11574275	11508522
11574276	11574270
11574276	11574274
11574276	11574278
11574276	11574285
11574277	1008935
11574277	4003322
11574277	11508494
11574278	11574270
11574278	11574274
11574278	11574276
11574279	11508425
11574280	11508380
11574281	3823493
11574281	11508343
11574282	3823493
11574283	3823493
11574284	1646785
11574285	11574276
11574286	11506654
11574287	11506654
11574288	9643438
11574288	9949997
11574288	11318004
11574288	11330864
11574288	11574313
11574289	11506557
11574289	11506628
11574290	11574272
11574291	11506654
11574292	11506654
11574293	11574250
11574294	11506654
11574295	11506654
11574296	11506541
11574297	11506536
11574298	11506536
11574299	11574214
11574300	11574213
11574301	11506438
11574302	11506438
11574303	11506338
11574304	11574210
11574305	11574212
11574306	5659738
11574307	7052763
11574308	7052763
11574309	11506147
11574310	6211319
11574311	11506130
11574312	11506104
11574313	9643438
11574313	9949997
11574313	11330864
11574313	11574288
11574314	11574081
11574315	11574166
11574316	11504725
11574317	11574069
11574318	11573837
11574319	11502451
11574320	11502150
11574320	11502451
11574320	11502475
11574321	11573374
11574322	11573371
11574323	11506654
11574326	8395964
11574327	11506654
11574328	2443386
11574330	1704242
11574331	11574255
11574332	463485
11574333	11574151
11574334	5395109
11574335	1475452
11574336	11574337
11574337	11574336
11574338	11574339
11574339	11574338
11574340	11574242
11574341	11574242
11574344	9268499
11574345	11574111
11574346	11574347
11574347	11574346
11574348	11573137
11574352	11572456
11574355	11574357
11574357	11574355
11574365	11574366
11574366	11574365
11574367	2549099
11574369	2549099
11574371	6099178
11574377	11574378
11574378	11574377
11574381	11574382
11574382	11574381
11574385	11574386
11574386	11574385
11574389	10716654
11574389	10716656
11574390	10716657
11574393	11574395
11574395	11574393
11574398	11574399
11574399	11574398
11574400	11574401
11574401	11574400
11574402	11574403
11574403	11574402
11574405	6108728
11574407	2349743
11574409	11574410
11574410	11574409
11574411	11574412
11574412	11574411
11574413	7209170
11574414	7209170
11574415	11574416
11574416	11574415
11574417	11571370
11574418	11574421
11574418	11574422
11574418	11574423
11574418	11574424
11574418	11574425
11574418	11574428
11574418	11574429
11574418	11574434
11574418	11574435
11574418	11574436
11574418	11574439
11574419	10796563
11574420	10796563
11574421	11574418
11574422	11574418
11574423	11574418
11574424	11574418
11574425	11574418
11574428	11574418
11574429	11574418
11574430	2854684
11574431	11574432
11574432	11574431
11574433	10455050
11574434	11574418
11574435	11574418
11574436	11574418
11574437	10458618
11574438	10458618
11574439	11574418
11574440	10458619
11574441	10459210
11574442	11574443
11574443	11574442
11574445	10459210
11574446	10459210
11574447	10796610
11574448	10796610
11574449	10472885
11574450	11574453
11574450	11574458
11574450	11574462
11574450	11574464
11574450	11574466
11574450	11574467
11574450	11574469
11574450	11574471
11574450	11574474
11574451	10477951
11574452	10477951
11574453	11574450
11574454	10477956
11574455	10477956
11574456	10787837
11574457	10506511
11574458	11574450
11574459	10527108
11574460	10818001
11574462	11574450
11574463	10528152
11574464	11574450
11574465	10818001
11574466	11574450
11574467	11574450
11574469	11574450
11574470	11574472
11574471	11574450
11574472	11574470
11574473	10688125
11574474	11574450
11574475	10688211
11574476	10695472
11574477	9800393
11574478	9800393
11574479	5791142
11574480	11574482
11574481	10762655
11574482	11574480
11574483	5791142
11574484	10938253
11574485	1955135
11574486	9361813
11574487	5791142
11574488	5791142
11574489	193103
11574489	1063444
11574490	11135688
11574491	11135688
11574492	11135688
11574493	11135688
11574494	11214917
11574495	7676710
11574496	10950868
11574497	7676710
11574498	7676722
11574499	604823
11574500	11574501
11574501	11574500
11574502	7676741
11574503	7676741
11574504	7676742
11574505	3012979
11574506	3012979
11574507	7676742
11574508	3017326
11574509	11574511
11574510	3183797
11574511	11574509
11574512	3305849
11574514	3345809
11574515	3416660
11574516	11574517
11574516	11574521
11574516	11574523
11574516	11574525
11574516	11574527
11574516	11574532
11574516	11574536
11574517	11574516
11574518	3523038
11574519	11574557
11574519	11574560
11574520	3523038
11574521	11574516
11574522	5608153
11574523	11574516
11574524	5847022
11574525	11574516
11574526	6115547
11574527	11574516
11574528	26417
11574530	3204130
11574531	5850221
11574532	11574516
11574533	2543097
11574535	3209908
11574535	3737112
11574536	11574516
11574537	3523099
11574538	6263294
11574539	3680480
11574540	551617
11574540	643732
11574541	3717470
11574543	2374123
11574544	3736235
11574545	5937235
11574546	6255524
11574547	277601
11574548	11574549
11574549	11574548
11574550	5916666
11574552	3818176
11574553	3818176
11574554	3122420
11574555	11574556
11574556	11574555
11574557	11574519
11574558	11574559
11574559	11574558
11574560	11574519
11574564	9631771
11574565	9295525
11574566	11018293
11574567	6698431
11574567	10740363
11574568	9131731
11574571	2153214
11574571	9202962
11574572	454373
11574574	11574234
11574575	8899958
11574579	11504558
11574580	11528715
11574581	11521057
11574582	11521057
11574583	11521057
11574584	11532580
11574586	4486554
11574587	8401474
11574588	8401474
11574589	5844830
11574590	9210420
11574593	11574594
11574594	11574593
11574595	10766987
11574596	9544667
11574597	10079317
11574602	8682916
11574612	10795897
11574613	9333119
11574614	9333119
11574615	9333121
11574616	9689196
11574617	9689196
11574618	10915061
11574619	10815368
11574620	10815368
11574621	9667836
11574622	9763050
11574623	9763049
11574624	10817939
11574634	11518881
11574635	5096231
11574636	1027645
11574637	9341629
11574637	9341631
11574638	11516462
11574639	3831701
11574640	3817966
11574641	6944212
11574642	4135312
11574643	4135312
11574645	2359443
11574647	2359443
11574648	11516547
11574649	11516547
11574650	10793601
11574651	2168558
11574651	2168560
11574651	2389818
11574651	2423078
11574651	2932331
11574651	3931653
11574651	10065799
11574652	11574663
11574653	11518903
11574654	3530704
11574655	5809763
11574655	9749240
11574656	10892295
11574656	11574661
11574657	10892295
11574657	11574661
11574658	5953687
11574658	9709609
11574658	11574660
11574659	9588912
11574660	11574658
11574661	10892295
11574661	11574656
11574661	11574657
11574662	10491271
11574662	10491273
11574662	10935331
11574662	11550849
11574662	11552060
11574662	11571562
11574663	11574652
11574664	9167436
