7470535	7470511
7470535	7471147
7470536	7470619
7470536	7471185
7470536	7471419
7470537	7471187
7470538	6512693
7470539	7471188
7470540	7471189
7470541	7471190
7470542	7471191
7470543	7471192
7470544	7471193
7470545	6512798
7470546	6512896
7470547	7470468
7470547	7471200
7470577	7470410
7470578	7471349
7470579	7471352
7470580	7471353
7470581	7471361
7470583	7471371
7470584	6513582
7470585	6513584
7470586	6513586
7470587	6513588
7470588	6490315
7470588	7470615
7470589	7471384
7470590	7471385
7470591	6513594
7470592	6513600
7470593	6513602
7470594	6513604
7470595	6513606
7470596	6513608
7470597	7471373
7470598	6513610
7470599	7471375
7470600	6513618
7470601	7471376
7470602	7471377
7470603	6513622
7470604	6513632
7470605	7471378
7470606	7471379
7470607	6490235
7470608	6513650
7470609	6513652
7470610	6513654
7470611	7471380
7470612	7471381
7470613	7471382
7470614	6513656
7470615	6490314
7470615	7470588
7470616	7471383
7470619	7470536
7470619	7471185
7470619	7471419
7470620	7470412
7470622	7471421
7470623	7471422
7470624	7471423
7470625	6513828
7470626	6513830
7470627	6490556
7470628	6513832
7470629	6490568
7470629	7470630
7470630	6490569
7470630	7470629
7470631	6513836
7470632	7471424
7470633	7471425
7470634	6513868
7470656	7471571
7470657	6514674
7470658	7471572
7470659	6514676
7470660	6514678
7470661	7471573
7470662	7471574
7470662	7471769
7470663	7471576
7470664	6514684
7470667	6509360
7470667	7470402
7470667	7470415
7470667	7470668
7470668	6509360
7470668	7470402
7470668	7470415
7470668	7470667
7470669	6514708
7470670	7471596
7470671	6514712
7470672	6514714
7470673	6514716
7470674	6514718
7470675	6490091
7470675	7470731
7470676	6490301
7470676	7470732
7470677	7471614
7470678	7471615
7470679	6514724
7470680	7471598
7470681	6514726
7470682	7471599
7470683	6514728
7470684	6514730
7470685	6514732
7470686	6514734
7470687	6514736
7470688	6514738
7470689	6514742
7470690	7471600
7470691	6514744
7470692	6514746
7470693	6514748
7470694	6514752
7470695	6514754
7470696	6514760
7470697	7471601
7470698	7471603
7470699	6514762
7470700	6514764
7470701	6514766
7470702	6514768
7470703	6514772
7470704	6514776
7470704	7471635
7470705	7470706
7470706	7470705
7470707	6514782
7470708	7471604
7470709	7471605
7470710	7471606
7470711	6514788
7470712	6514790
7470713	6514792
7470714	6514794
7470715	6490203
7470716	6514798
7470717	6490212
7470718	6490213
7470719	6514800
7470720	6514802
7470721	6514804
7470722	6514806
7470723	6514808
7470724	6514810
7470725	7471607
7470726	6514812
7470727	7471608
7470728	7471609
7470729	7471610
7470730	7470836
7470730	7471611
7470731	6490270
7470731	7470675
7470732	6490300
7470732	7470676
7470733	7471612
7470734	7471647
7470735	6514968
7470736	7471648
7470737	7471649
7470738	6515008
7470739	7471650
7470776	7470417
7470777	7470418
7470778	6504931
7470779	6515705
7470780	7471768
7470781	7471775
7470785	7471779
7470793	7470420
7470794	7470421
7470795	7470422
7470796	7471786
7470797	7471787
7470798	6515727
7470799	7471788
7470800	6515729
7470801	6515731
7470802	6490078
7470803	7471804
7470804	7471805
7470805	7471789
7470806	7471790
7470807	6515741
7470808	6515745
7470809	6515747
7470810	6515749
7470811	6515751
7470812	6515753
7470813	6515755
7470814	6515757
7470815	6515765
7470816	6515767
7470817	6515769
7470818	6515771
7470819	6515773
7470820	6515775
7470821	6515777
7470822	6515779
7470823	6515781
7470824	6515783
7470825	7471793
7470826	7471794
7470827	6515789
7470828	6515791
7470829	6515795
7470830	6515797
7470831	7471795
7470832	7471796
7470833	6515799
7470834	7471797
7470835	7471798
7470836	7470730
7470836	7471799
7470837	7470424
7470837	7471800
7470840	7470427
7470841	7470429
7470842	7470430
7470845	7471831
7470846	7471832
7470847	6490549
7470848	7471833
7470849	6516017
7470920	7470438
7470921	7470439
7470922	6516702
7470923	7471951
7470924	7471952
7470925	7471956
7470927	7470442
7470930	7471584
7470933	7471591
7470940	7470444
7470941	7470445
7470942	6506253
7470943	7470448
7470944	6506255
7470945	7470456
7470946	7470451
7470947	7470443
7470947	7470452
7470948	7470453
7470948	7470957
7470948	7471996
7470949	7470454
7470950	7470455
7470951	6516746
7470952	7471979
7470953	7471980
7470954	7471993
7470955	7471994
7470956	7471995
7470957	7470453
7470957	7470948
7470957	7471996
7470958	7471997
7470959	6516760
7470960	6516766
7470961	6516768
7470962	6516770
7470963	7471982
7470964	6516772
7470965	7471983
7470966	6516774
7470967	7471984
7470968	6516780
7470969	7471985
7470970	6516782
7470971	6516786
7470972	6516796
7470973	6516798
7470974	6516800
7470975	6516804
7470976	7471986
7470977	6516810
7470978	6516814
7470979	6516816
7470980	6516820
7470981	7471987
7470982	7471988
7470983	6516822
7470984	7471989
7470985	6516824
7470986	6490149
7470987	7471990
7470988	7471991
7470989	6516828
7470990	6516830
7470991	6516832
7470992	7471992
7470993	7470461
7470994	7470462
7470995	7470463
7470996	7470464
7470997	7470465
7470998	7470466
7470999	7470467
7471001	7472018
7471002	7472019
7471003	7472020
7471004	7470468
7471004	7471200
7471115	7470490
7471116	7470491
7471117	7470492
7471118	7470493
7471119	7470494
7471120	7472131
7471121	7472132
7471122	6517718
7471123	6517720
7471124	7472136
7471125	6507222
7471128	7470496
7471129	7472137
7471131	6517728
7471138	7470504
7471139	7470511
7471140	6507351
7471141	7470521
7471142	7470522
7471143	7470523
7471144	7470525
7471145	7470526
7471146	7470529
7471147	7470535
7471148	7470503
7471149	7470512
7471150	7470513
7471151	7470514
7471152	7472151
7471153	6517746
7471154	6517748
7471155	6490259
7471155	7471184
7471156	7472162
7471157	7472153
7471158	6517754
7471159	6517756
7471160	6517758
7471161	6517760
7471162	6517762
7471163	6517764
7471164	7472304
7471165	6517766
7471166	7472155
7471167	6517768
7471168	6517770
7471169	6517772
7471170	6517774
7471171	7472156
7471172	7472157
7471173	7472158
7471174	6517778
7471175	6517780
7471176	6517782
7471177	6517784
7471178	6517786
7471179	6517788
7471180	6517790
7471181	6517792
7471182	7472159
7471183	6517794
7471184	6490258
7471184	7471155
7471185	7470536
7471185	7470619
7471185	7471419
7471187	7470537
7471188	7470539
7471189	7470540
7471190	7470541
7471191	7470542
7471192	7470543
7471193	7470544
7471195	6517919
7471196	7472195
7471197	7472196
7471200	7470547
7471200	7471004
7471349	7470578
7471350	6518678
7471351	6355982
7471352	7470579
7471353	7470580
7471354	6518688
7471361	7470581
7471363	6518694
7471366	7471971
7471367	7471973
7471371	7470583
7471372	6508372
7471373	7470597
7471374	6508374
7471375	7470599
7471376	7470601
7471377	7470602
7471378	7470605
7471379	7470606
7471380	7470611
7471381	7470612
7471382	7470613
7471383	7470616
7471384	7470589
7471385	7470590
7471386	7472309
7471387	6490079
7471388	6490257
7471388	7471415
7471389	6490112
7471389	7471416
7471390	6490299
7471390	7471417
7471391	6490114
7471391	7471418
7471392	7472310
7471393	7472311
7471394	6518716
7471395	6518718
7471396	6518720
7471397	6518722
7471398	6518724
7471399	6518728
7471400	6518732
7471401	7472305
7471402	6518734
7471403	6518736
7471404	6518738
7471405	6518742
7471406	6518745
7471407	6518749
7471407	7472326
7471408	6518753
7471409	7472306
7471410	6518757
7471411	6518759
7471412	7472307
7471413	6518761
7471414	6518763
7471415	6490256
7471415	7471388
7471416	6490113
7471416	7471389
7471417	6490298
7471417	7471390
7471418	6490115
7471418	7471391
7471419	7470536
7471419	7470619
7471419	7471185
7471421	7470622
7471422	7470623
7471423	7470624
7471424	7470632
7471425	7470633
7471428	7472334
7471429	6490548
7471430	6518899
7471571	7470656
7471572	7470658
7471573	7470661
7471574	7470662
7471575	6519535
7471576	7470663
7471579	7472415
7471580	6519547
7471581	6519549
7471584	7470930
7471589	7472145
7471590	7472147
7471591	7470933
7471596	7470670
7471597	6509447
7471598	7470680
7471599	7470682
7471600	7470690
7471601	7470697
7471602	6509453
7471603	7470698
7471604	7470708
7471605	7470709
7471606	7470710
7471607	7470725
7471608	7470727
7471609	7470728
7471610	7470729
7471611	7470730
7471612	7470733
7471613	6509449
7471614	7470677
7471615	7470678
7471616	7472422
7471617	7472423
7471618	6519575
7471619	6490243
7471619	7471643
7471620	6490305
7471620	7471644
7471621	6490128
7471621	7471645
7471622	7472429
7471623	7472430
7471624	6519583
7471625	6519585
7471626	7472424
7471627	6519591
7471628	6519593
7471629	6519599
7471630	6519601
7471631	6519603
7471632	6519605
7471633	6519607
7471634	6519609
7471635	7470704
7471635	7472425
7471636	7472426
7471637	6519613
7471638	6519615
7471639	7472427
7471640	7472428
7471641	6519617
7471642	6519619
7471643	6490242
7471643	7471619
7471644	6490304
7471644	7471620
7471645	6490129
7471645	7471621
7471647	7470734
7471648	7470736
7471649	7470737
7471650	7470739
7471652	6519723
7471653	6519725
7471768	7470780
7471769	7470662
7471771	6520327
7471772	6520329
7471775	7470781
7471777	7472522
7471779	7470785
7471783	6518696
7471786	7470796
7471787	7470797
7471788	7470799
7471789	7470805
7471790	7470806
7471791	6510557
7471792	6490330
7471793	7470825
7471794	7470826
7471795	7470831
7471796	7470832
7471797	7470834
7471798	7470835
7471799	7470836
7471800	7470424
7471800	7470837
7471801	6510559
7471802	6490332
7471803	6490335
7471804	7470803
7471805	7470804
7471806	6520353
7471807	6490126
7471807	7471829
7471808	7472532
7471809	6520357
7471810	6520359
7471811	6520361
7471812	6520363
7471813	6520365
7471814	6520369
7471815	6520371
7471816	6520375
7471817	6520377
7471818	7472527
7471819	6520379
7471820	6520381
7471821	6520383
7471822	6520385
7471823	6520387
7471824	7472528
7471825	7472529
7471826	6520389
7471827	7472531
7471828	6520391
7471829	6490127
7471829	7471807
7471831	7470845
7471832	7470846
7471833	7470848
7471835	6520478
7471836	6520480
7471951	7470923
7471952	7470924
7471953	7472589
7471954	6521006
7471955	6521008
7471956	7470925
7471957	6511420
7471960	7472592
7471971	7471366
7471972	6519561
7471973	7471367
7471979	7470952
7471980	7470953
7471981	6511509
7471982	7470963
7471983	7470965
7471984	7470967
7471985	7470969
7471986	7470976
7471987	7470981
7471988	7470982
7471989	7470984
7471990	7470987
7471991	7470988
7471992	7470992
7471993	7470954
7471994	7470955
7471995	7470956
7471996	7470948
7471996	7470957
7471997	7470958
7471998	7472600
7471999	6521036
7472000	6521038
7472001	6490237
7472001	7472016
7472002	6490245
7472002	7472017
7472003	6521042
7472004	6521044
7472005	6521046
7472006	7472602
7472007	6521048
7472008	6521050
7472009	6521052
7472010	7472603
7472011	6521054
7472012	6521056
7472013	7472604
7472014	6521060
7472015	6521062
7472016	6490236
7472016	7472001
7472017	6490244
7472017	7472002
7472018	7471001
7472019	7471002
7472020	7471003
7472021	6521160
7472022	6521170
7472131	7471120
7472132	7471121
7472133	6521560
7472134	7472657
7472135	7472658
7472136	7471124
7472137	7471129
7472138	7472659
7472139	6521566
7472145	7471589
7472146	7472525
7472147	7471590
7472151	7471152
7472152	6512575
7472153	7471157
7472154	6512579
7472155	7471166
7472156	7471171
7472157	7471172
7472158	7471173
7472159	7471182
7472160	6512581
7472161	6512577
7472162	7471156
7472163	6490255
7472163	7472188
7472164	6490297
7472164	7472189
7472165	6490116
7472165	7472190
7472166	6490130
7472166	7472191
7472167	6490309
7472167	7472192
7472168	7472670
7472169	7472671
7472170	7472672
7472171	7472673
7472172	7472674
7472173	6521586
7472174	7472662
7472175	6521588
7472176	7472663
7472177	7472664
7472178	6521590
7472179	6521594
7472180	7472665
7472181	6521596
7472182	7472666
7472183	6521600
7472184	7472667
7472185	6521602
7472186	6521604
7472187	6521608
7472188	6490254
7472188	7472163
7472189	6490296
7472189	7472164
7472190	6490117
7472190	7472165
7472191	6490131
7472191	7472166
7472192	6490308
7472192	7472167
7472195	7471196
7472196	7471197
7472292	6513552
7472293	6521994
7472295	7472731
7472296	7472733
7472304	7471164
7472305	7471401
7472306	7471409
7472307	7471412
7472308	6513664
7472309	7471386
7472310	7471392
7472311	7471393
7472312	6522014
7472313	7472737
7472314	6490241
7472314	7472328
7472315	6490303
7472315	7472329
7472316	6490118
7472316	7472330
7472317	6490307
7472317	7472331
7472318	7472742
7472319	7472743
7472320	7472744
7472321	7472745
7472322	6522022
7472323	6522024
7472324	6522026
7472325	7472740
7472326	7471407
7472326	7472741
7472327	6522028
7472328	6490240
7472328	7472314
7472329	6490302
7472329	7472315
7472330	6490119
7472330	7472316
7472331	6490306
7472331	7472317
7472334	7471428
7472415	7471579
7472416	6522334
7472417	7472789
7472422	7471616
7472423	7471617
7472424	7471626
7472425	7471635
7472426	7471636
7472427	7471639
7472428	7471640
7472429	7471622
7472430	7471623
7472431	6490084
7472431	7472446
7472432	7470255
7472432	7472447
7472433	6490134
7472433	7472448
7472434	7470262
7472435	7470263
7472436	6522356
7472437	7470256
7472438	7470257
7472439	6522358
7472440	7470258
7472441	7470259
7472442	7470260
7472443	6522364
7472444	6522366
7472445	6522368
7472446	6490085
7472446	7472431
7472447	7470261
7472447	7472432
7472448	6490135
7472448	7472433
7472450	7470265
7472522	7471777
7472525	7472146
7472527	7471818
7472528	7471824
7472529	7471825
7472530	6515807
7472531	7471827
7472532	7471808
7472533	6522637
7472534	6522639
7472535	7470306
7472536	7470307
7472537	6522643
7472538	6522645
7472539	6522647
7472540	6522649
7472541	6522653
7472542	6522655
7472543	6522657
7472544	6522659
7472545	6522661
7472546	6522665
7472589	7471953
7472592	7471960
7472600	7471998
7472601	6516836
7472602	7472006
7472603	7472010
7472604	7472013
7472605	6516838
7472606	6516842
7472607	7470333
7472608	6522835
7472609	6522839
7472610	6522843
7472611	6522845
7472612	6522849
7472613	6522851
7472614	6522853
7472615	6517053
7472616	7470336
7472656	6517722
7472657	7472134
7472658	7472135
7472659	7472138
7472660	7470349
7472662	7472174
7472663	7472176
7472664	7472177
7472665	7472180
7472666	7472182
7472667	7472184
7472668	6517804
7472669	6517796
7472670	7472168
7472671	7472169
7472672	7472170
7472673	7472171
7472674	7472172
7472675	7470354
7472676	7470355
7472731	7472295
7472732	7470367
7472733	7472296
7472736	6518767
7472737	7472313
7472738	6518769
7472739	6518771
7472740	7472325
7472741	7472326
7472742	7472318
7472743	7472319
7472744	7472320
7472745	7472321
7472746	7470370
7472747	7470371
7472748	6523081
7472749	6523083
7472750	6523085
7472751	6523087
7472752	6523089
7472789	7472417
7472797	6419916
7472798	6410370
7472799	6410370
7472800	6410855
7472801	6410855
7472802	6410857
7472803	6410857
7472804	6410370
7472805	6410370
7472806	6410370
7472807	6410855
7472808	6410855
7472809	6410855
7472810	6410857
7472811	6410857
7472812	6410857
7472813	6410858
7472814	6410858
7472815	6410858
7472816	6410858
7472817	6410858
7472818	6410858
7472819	6410858
