3576292	3259776
3576293	3259778
3576294	2870485
3576295	2870485
3576296	3259780
3576297	1134712
3576298	3259782
3576299	3259793
3576300	58428
3576301	58428
3576302	2619460
3576303	427676
3576304	1134596
3576304	1138300
3576304	1808576
3576305	1138300
3576307	3314967
3576308	3259817
3576309	1134591
3576310	1134588
3576311	3250360
3576312	1134584
3576313	1032538
3576315	277178
3576316	1134582
3576316	2353269
3576317	1134582
3576317	2353269
3576318	1134579
3576319	1134574
3576320	3576322
3576322	3576320
3576323	877397
3576324	300973
3576325	1134564
3576326	1134563
3576326	1138349
3576327	1778424
3576328	1138349
3576329	1134551
3576329	1644092
3576329	3576342
3576330	3259819
3576331	3259821
3576332	1702558
3576333	3259823
3576334	3259825
3576335	2689221
3576337	3259827
3576338	60764
3576339	60764
3576340	1144462
3576341	3259829
3576341	3259830
3576341	3262451
3576342	1134551
3576342	1644092
3576342	3576329
3576342	3579454
3576343	3259833
3576343	3259834
3576343	3262457
3576344	1458479
3576345	340265
3576346	1221895
3576347	293191
3576348	2692726
3576349	2208505
3576350	2208505
3576351	2948305
3576351	3576660
3576352	3576353
3576353	3576352
3576354	3576356
3576355	588017
3576356	3576354
3576357	3047322
3576357	3576658
3576358	3576359
3576359	3576358
3576360	3576361
3576361	3576360
3576362	3576363
3576363	3576362
3576364	3576367
3576365	1991818
3576366	1697370
3576367	3576364
3576368	2201951
3576369	3576372
3576370	900666
3576371	2204960
3576372	3576369
3576373	2561374
3576374	3576377
3576375	132031
3576376	3257298
3576377	3576374
3576378	2037549
3576379	1886143
3576380	3503963
3576381	132048
3576382	3495599
3576383	3576384
3576384	3576383
3576385	3152873
3576386	3576389
3576387	2752154
3576388	3524354
3576389	3576386
3576390	3576392
3576391	2844527
3576392	3576390
3576393	3576395
3576394	3555443
3576395	3576393
3576396	263182
3576397	3576399
3576398	3340432
3576399	3576397
3576400	2284300
3576401	3576404
3576402	2544567
3576402	3576654
3576402	3579452
3576403	1365413
3576404	3576401
3576405	3571961
3576405	3576653
3576405	3577069
3576406	3576409
3576407	3446866
3576407	3576651
3576408	870357
3576409	3576406
3576410	3576411
3576411	3576410
3576412	3576413
3576413	3576412
3576414	3576415
3576415	3576414
3576416	3576417
3576417	3576416
3576418	3576419
3576419	3576418
3576420	2749344
3576421	3576422
3576421	3576457
3576422	3576421
3576423	2934464
3576424	3576427
3576424	3576453
3576425	3172241
3576425	3576649
3576425	3577002
3576425	3577005
3576426	5614
3576427	3576424
3576428	3172241
3576428	3577002
3576428	3577005
3576429	2761193
3576430	3023962
3576430	3576632
3576430	3579451
3576431	2368701
3576432	861903
3576433	3576441
3576434	2625509
3576435	2315207
3576436	2315207
3576437	3067408
3576438	1540072
3576439	421684
3576440	49971
3576441	3576433
3576442	2755852
3576443	3576444
3576443	3576449
3576444	3576443
3576445	1879982
3576446	1879982
3576447	1879982
3576448	2355676
3576449	3576443
3576450	3576452
3576451	3188658
3576452	3576450
3576453	3576424
3576454	2444895
3576455	3576456
3576455	3576461
3576456	3576455
3576457	3576421
3576458	3576460
3576459	1948017
3576460	3576458
3576461	3576455
3576462	2926993
3576463	452110
3576463	1060356
3576463	2961751
3576463	3576629
3576464	1539116
3576465	3297620
3576466	3487352
3576467	3492754
3576468	879788
3576468	1671247
3576468	3576624
3576468	3577018
3576468	3577072
3576469	3576471
3576470	879788
3576470	1671247
3576470	3577018
3576471	3576469
3576472	3576474
3576473	132062
3576474	3576472
3576475	3576477
3576476	132065
3576477	3576475
3576478	3576479
3576479	3576478
3576480	3576481
3576481	3576480
3576481	3576483
3576481	3576489
3576482	3576484
3576483	3576481
3576484	3576482
3576484	3576491
3576485	1334976
3576485	3576618
3576485	3577011
3576486	3576488
3576487	132076
3576488	3576486
3576488	3576493
3576489	3576481
3576490	3576492
3576491	3576484
3576492	3576490
3576493	3576488
3576494	3576495
3576495	3576494
3576496	3576497
3576497	3576496
3576498	3576499
3576499	3576498
3576500	3576501
3576501	3576500
3576501	3576517
3576502	3576505
3576502	3576509
3576503	3527939
3576504	1103027
3576505	3576502
3576506	3576507
3576507	3576506
3576508	2921971
3576509	3576502
3576510	3576511
3576511	3576510
3576512	3576513
3576513	3576512
3576514	3576525
3576515	3576516
3576516	3576515
3576517	3576501
3576518	3576519
3576519	3576518
3576520	3576524
3576521	1764935
3576522	1764935
3576523	1764935
3576524	3576520
3576525	3576514
3576526	3576527
3576527	3576526
3576528	325159
3576529	2233598
3576530	1078025
3576531	1078025
3576532	27164
3576533	3576548
3576534	1023967
3576535	1140930
3576536	3066591
3576537	2303417
3576538	3333962
3576539	3333962
3576540	2303419
3576541	3333962
3576542	3333962
3576542	3576545
3576543	2329613
3576544	1159932
3576545	3576542
3576546	2617206
3576547	3199661
3576548	3576533
3576549	2138961
3576550	2142759
3576551	241836
3576552	3576553
3576552	3576557
3576552	3576559
3576553	3576552
3576554	3433089
3576555	2400058
3576556	1134517
3576556	1138319
3576557	3576552
3576558	2041138
3576559	3576552
3576560	3576562
3576561	1134513
3576561	1138319
3576562	3576560
3576563	1536303
3576564	1935241
3576564	1935242
3576564	2517287
3576564	2730934
3576565	1134512
3576566	3312792
3576567	3312792
3576568	1934810
3576568	1935241
3576568	1935242
3576568	2517287
3576568	2730934
3576568	2730935
3576568	2779680
3576569	3576583
3576570	3576572
3576571	3573196
3576572	3576570
3576573	2893386
3576574	2893388
3576575	59999
3576576	2893403
3576576	3576584
3576577	2893408
3576578	3576580
3576578	3576582
3576578	3576586
3576578	3576976
3576578	3577050
3576579	2893415
3576580	3576578
3576581	2319058
3576582	3576578
3576583	3576569
3576584	3576576
3576585	2291378
3576586	3576578
3576587	2669456
3576588	2669456
3576589	667301
3576590	1134509
3576590	1138316
3576590	2692240
3576590	2693256
3576591	2228916
3576592	1134508
3576592	3576598
3576594	1134505
3576595	132114
3576596	132119
3576597	132121
3576598	3576592
3576599	1440856
3576600	3576607
3576600	3576609
3576601	2573894
3576602	2334095
3576603	3288782
3576604	3288843
3576604	3576765
3576605	3288845
3576605	3576764
3576605	3577555
3576606	3288847
3576606	3576760
3576607	3576600
3576607	3577062
3576608	3288851
3576608	3576756
3576609	3576600
3576609	3576754
3576609	3577061
3576610	1134501
3576610	1138314
3576611	1134501
3576612	3288860
3576613	3288865
3576613	3576748
3576614	3288870
3576614	3576745
3576615	3288873
3576616	3288875
3576617	3288877
3576618	3576485
3576618	3577011
3576619	3288879
3576619	3576627
3576620	36228
3576621	3288881
3576621	3577792
3576621	3577797
3576622	3288883
3576622	3576742
3576623	3288885
3576623	3576738
3576624	879788
3576624	1671247
3576624	3576468
3576624	3577018
3576625	1134258
3576625	1134320
3576625	1152239
3576625	1159017
3576626	1134258
3576626	1134320
3576626	1152239
3576626	1159017
3576627	3576619
3576628	3288891
3576628	3576733
3576628	3576777
3576629	404856
3576629	452110
3576629	452118
3576629	1060356
3576629	2961694
3576629	2961751
3576629	3576463
3576630	3576731
3576631	3288900
3576631	3577569
3576632	3576430
3576633	3288902
3576633	3576725
3576634	3288928
3576634	3576722
3576635	1133869
3576635	1136177
3576636	3288930
3576636	3576717
3576637	3576638
3576637	3576979
3576638	3576637
3576639	3288933
3576640	1133856
3576640	1133864
3576641	1133856
3576641	1133864
3576642	3288935
3576642	3576711
3576643	26235
3576644	1133856
3576644	1133865
3576645	834922
3576646	1133856
3576646	1133865
3576647	1133856
3576647	1133864
3576648	1133856
3576648	1133864
3576649	3576425
3576649	3577002
3576649	3577005
3576650	3364596
3576651	3576407
3576652	1918911
3576653	3576405
3576653	3577069
3576654	3576402
3576655	1797674
3576655	3576974
3576656	1133856
3576656	1133864
3576657	1133856
3576657	1133865
3576658	3576357
3576659	1515102
3576659	1515103
3576660	3576351
3576661	3576048
3576661	3576899
3576661	3576901
3576662	1456220
3576663	12725
3576664	2948305
3576665	2948305
3576666	2948305
3576667	2948305
3576668	2948305
3576669	55738
3576670	2451468
3576671	2451468
3576672	2451468
3576673	2451468
3576674	1133803
3576674	1133858
3576674	1133943
3576674	1408524
3576676	274613
3576676	1133837
3576678	274613
3576678	1133837
3576678	1991838
3576678	1992423
3576680	274613
3576682	497073
3576683	3284710
3576685	1133838
3576688	2044506
3576689	2044506
3576690	2044506
3576691	2044506
3576692	2044506
3576693	266487
3576693	770469
3576693	1133760
3576696	887431
3576697	887431
3576698	2124455
3576699	2520728
3576701	2526736
3576702	33572
3576703	2645002
3576704	2620420
3576705	43939
3576706	43939
3576707	667357
3576709	2539136
3576710	2451669
3576711	3288935
3576711	3576642
3576712	2786926
3576713	112911
3576714	1496810
3576716	279209
3576717	3576636
3576717	3576785
3576717	3579450
3576718	620722
3576719	620722
3576720	730829
3576721	599040
3576722	474620
3576722	3576634
3576722	3579449
3576723	2820027
3576724	3560952
3576725	3576633
3576726	3560952
3576727	1790829
3576728	1790829
3576729	115621
3576729	2363919
3576730	321946
3576731	3576630
3576732	2381420
3576733	3576628
3576734	261278
3576735	3542837
3576735	3577563
3576736	287622
3576737	261344
3576738	3576623
3576738	3577849
3576740	1860415
3576740	3577561
3576741	1860415
3576742	3576622
3576742	3577847
3576742	3579448
3576743	1126666
3576745	3576614
3576746	3064276
3576748	3576613
3576748	3577846
3576749	281291
3576749	3577560
3576751	281291
3576752	1147943
3576753	2080156
3576754	3576609
3576754	3577061
3576756	3576608
3576757	1963214
3576757	3577562
3576758	117020
3576759	117020
3576760	3576606
3576762	2474805
3576763	2639622
3576764	3576605
3576764	3577555
3576764	3579446
3576765	3576604
3576765	3577782
3576767	261159
3576767	1133380
3576768	705362
3576769	31522
3576769	526689
3576771	3288870
3576772	3288891
3576773	3288891
3576775	247561
3576775	890891
3576776	247561
3576776	890891
3576777	3576628
3576778	2987780
3576779	2325535
3576780	2499736
3576781	3576784
3576782	2520729
3576784	3576781
3576784	3576790
3576784	3577037
3576785	3288930
3576785	3576717
3576786	2562480
3576787	3138357
3576788	3288935
3576789	3537119
3576790	3576784
3576790	3576889
3576791	3288870
3576792	3575407
3576792	3577780
3576794	3288847
3576795	3288847
3576796	3575406
3576796	3577133
3576796	3577794
3576797	3288845
3576797	3576892
3576797	3577035
3576798	3575410
3576798	3577132
3576798	3577793
3576800	117021
3576801	2897062
3576802	117021
3576803	3216740
3576804	3267623
3576805	1701647
3576806	3570386
3576808	592765
3576808	621254
3576809	3565051
3576809	3576812
3576809	3576843
3576809	3578558
3576810	592765
3576810	621264
3576812	3565051
3576812	3576809
3576813	3574850
3576813	3577791
3576814	117710
3576815	3572746
3576817	3574073
3576817	3576818
3576817	3577127
3576817	3579444
3576818	3576817
3576820	1082061
3576821	1082061
3576822	1082061
3576826	3574078
3576826	3577120
3576826	3577778
3576827	3576828
3576828	3576827
3576830	1133282
3576833	1125629
3576833	1133239
3576835	1132844
3576836	1545756
3576838	1132844
3576840	3576964
3576843	3565051
3576843	3576809
3576845	3288902
3576845	3577777
3576845	3579443
3576849	1133019
3576851	3573200
3576854	3465022
3576856	133754
3576858	822681
3576859	1968973
3576860	331875
3576860	3576940
3576861	458294
3576866	3576887
3576866	3577028
3576866	3577036
3576866	3577056
3576869	3574044
3576871	2072747
3576872	263676
3576875	262521
3576876	2074104
3576878	2686796
3576879	335413
3576879	3576885
3576879	3576886
3576880	2890299
3576881	1637782
3576882	3576883
3576882	3576903
3576883	3576882
3576883	3576903
3576884	2473858
3576885	3576879
3576886	3576879
3576887	3576866
3576888	3071806
3576889	3576790
3576890	2670188
3576891	3309749
3576892	3288845
3576892	3576797
3576892	3576894
3576892	3577035
3576893	3576083
3576894	3576892
3576895	3571139
3576896	3571139
3576897	3057214
3576898	2586105
3576899	246802
3576899	1018877
3576899	1287534
3576899	3576048
3576899	3576661
3576899	3576901
3576900	3353350
3576900	3576902
3576901	246802
3576901	3576661
3576901	3576899
3576902	3576900
3576903	3576882
3576903	3576883
3576904	3576949
3576904	3576961
3576905	622036
3576906	797935
3576907	1055155
3576908	2029490
3576909	790878
3576910	828843
3576911	1165542
3576912	1623587
3576913	2041602
3576914	2041605
3576915	2048114
3576917	1464517
3576918	1864353
3576919	1903037
3576920	1952683
3576921	515674
3576921	3577033
3576922	910681
3576923	2243267
3576924	2243268
3576925	55651
3576925	531609
3576925	3557544
3576926	1006493
3576927	1006499
3576928	1995932
3576931	1997259
3576933	2330382
3576934	3577039
3576939	3289527
3576940	3576860
3576941	2375728
3576942	2375728
3576944	3576947
3576944	3579480
3576945	2907215
3576946	3289669
3576947	3576944
3576947	3579480
3576948	3289527
3576949	3576904
3576949	3576961
3576950	5507
3576951	1231939
3576952	701869
3576953	3576955
3576954	2492656
3576955	3576953
3576956	3576957
3576956	3577023
3576956	3577047
3576957	3576956
3576958	3255732
3576960	820468
3576961	3576904
3576961	3576949
3576962	3257141
3576963	3222888
3576963	3577034
3576964	3576840
3576965	1314597
3576966	3144964
3576967	338713
3576968	2268634
3576969	1564769
3576970	3387630
3576971	3090619
3576972	2325675
3576973	768477
3576974	3576655
3576975	2463947
3576976	3576578
3576977	1668134
3576978	360896
3576979	3576637
3576980	534155
3576981	2682934
3576981	3577117
3576982	3576160
3576983	1035054
3576984	2182950
3576985	468738
3576986	3082332
3576987	3028732
3576988	3575583
3576989	3477658
3576990	743103
3576990	743213
3576990	743214
3576990	761889
3576990	761890
3576990	839358
3576990	839359
3576990	983898
3576990	1559461
3576990	3091391
3576991	2778646
3576992	894762
3576993	3575521
3576994	1940743
3576995	3255148
3576996	2179726
3576997	3575505
3576998	2179726
3576999	414902
3577000	2247400
3577000	2527644
3577001	3575504
3577002	3172241
3577002	3576425
3577002	3576428
3577002	3576649
3577002	3577005
3577003	3575495
3577004	3575494
3577005	3172241
3577005	3576425
3577005	3576428
3577005	3576649
3577005	3577002
3577006	2237547
3577007	3157206
3577008	1475599
3577009	3575131
3577010	3575070
3577011	1334976
3577011	3576485
3577011	3576618
3577012	2850223
3577013	1932960
3577014	713133
3577015	20858
3577015	264972
3577015	626694
3577015	713133
3577015	869859
3577016	3574879
3577017	3574630
3577018	879788
3577018	879789
3577018	1254109
3577018	1671247
3577018	3576468
3577018	3576470
3577018	3576624
3577019	3574593
3577020	3574586
3577021	3574561
3577022	3574522
3577023	3576956
3577024	3497883
3577025	3341724
3577026	300350
3577026	340911
3577026	524790
3577027	3254493
3577028	3576866
3577029	3254495
3577029	3577030
3577029	3577043
3577030	3577029
3577031	2468929
3577032	321012
3577033	3576921
3577034	3222391
3577034	3222888
3577034	3576963
3577035	3576797
3577035	3576892
3577036	3576866
3577037	3576784
3577037	3577041
3577037	3577124
3577037	3577125
3577038	3561882
3577039	3576934
3577040	272543
3577041	3577037
3577042	1565508
3577043	3577029
3577044	398942
3577045	3100996
3577046	2570137
3577047	3576956
3577048	311974
3577048	2570140
3577048	2570177
3577048	2570800
3577048	2571578
3577049	292152
3577050	3576578
3577051	2570142
3577051	2570176
3577052	3575504
3577053	295487
3577054	680172
3577055	684930
3577056	3576866
3577057	2400124
3577058	3575460
3577059	3575460
3577060	3053899
3577061	3576609
3577061	3576754
3577062	3576607
3577063	1371085
3577064	879788
3577065	1305734
3577066	1305734
3577067	1182853
3577068	36716
3577069	3576405
3577069	3576653
3577070	3571961
3577070	3577557
3577071	3578368
3577072	879788
3577072	3576468
3577073	657013
3577113	491372
3577114	491372
3577117	3576981
3577118	1905868
3577119	1905868
3577120	3576826
3577121	325166
3577122	2111747
3577122	2879435
3577123	2111747
3577124	3577037
3577125	3577037
3577127	3576817
3577127	3577130
3577128	807547
3577129	807547
3577130	3577127
3577132	3576798
3577133	3576796
3577134	3442457
3577134	3442566
3577134	3442567
3577134	3577137
3577135	1775177
3577135	1776117
3577135	1777617
3577136	1775177
3577136	1776117
3577136	1777617
3577137	3442457
3577137	3577134
3577139	1775176
3577139	1776115
3577139	1777616
3577140	1775176
3577140	1776115
3577140	1777616
3577141	2433551
3577142	2411153
3577143	325421
3577143	969994
3577144	3022844
3577145	2902124
3577145	2902127
3577146	2669661
3577147	2902120
3577148	2902117
3577149	2902115
3577150	2902110
3577151	2902107
3577152	2902104
3577153	2902104
3577154	2902102
3577155	2902102
3577156	2584029
3577157	3168370
3577158	70700
3577159	1951537
3577160	1951538
3577161	3408809
3577162	3408810
3577163	3577165
3577164	3577168
3577165	3577163
3577166	3578258
3577168	3577164
3577168	3578570
3577171	3577172
3577172	3577171
3577174	1986872
3577174	3577943
3577175	3577176
3577176	3577175
3577176	3578564
3577177	1985158
3577177	3577222
3577177	3577941
3577178	317999
3577179	1802294
3577180	396714
3577181	3164408
3577182	433500
3577183	433500
3577184	433500
3577185	3408811
3577186	3408811
3577187	3408813
3577188	21272
3577189	3408815
3577190	3408816
3577191	16243
3577192	16243
3577193	3408823
3577194	16243
3577195	3408823
3577196	16243
3577197	3408824
3577198	16243
3577199	3408824
3577200	20120
3577201	3408826
3577202	3408826
3577203	20120
3577204	3408827
3577205	20120
3577206	20120
3577207	20120
3577208	3408829
3577209	20120
3577210	3408831
3577211	20120
3577212	3408832
3577213	20126
3577214	20126
3577215	3408835
3577216	3408835
3577217	20126
3577218	20126
3577219	25522
3577220	25522
3577221	25522
3577222	3577177
3577223	32108
3577224	32108
3577225	36182
3577226	37185
3577227	37244
3577228	52682
3577229	53025
3577230	62506
3577231	239730
3577232	239730
3577233	247741
3577234	247759
3577235	247759
3577236	252245
3577237	252280
3577238	3408840
3577239	3408840
3577240	253293
3577241	253417
3577242	253951
3577243	255034
3577244	255228
3577245	255228
3577246	255228
3577247	255228
3577248	255228
3577249	255228
3577250	255228
3577251	255265
3577252	255265
3577253	256533
3577254	2451366
3577255	256891
3577256	256891
3577257	256891
3577258	258905
3577260	3408841
3577261	256172
3577262	3408841
3577263	259099
3577264	259099
3577265	259099
3577266	259099
3577267	259099
3577268	259651
3577269	262003
3577270	262205
3577271	262240
3577272	3408844
3577273	3408844
3577274	3408845
3577275	262257
3577276	268896
3577277	3408844
3577278	3577940
3577279	3408844
3577280	3408845
3577281	276255
3577282	276255
3577283	3408848
3577284	3408849
3577285	3408849
3577286	283629
3577287	3408850
3577288	3408850
3577289	290019
3577290	3408853
3577291	294930
3577292	294930
3577293	3408853
3577294	303714
3577295	3408852
3577296	3408861
3577297	305395
3577298	306188
3577299	3408869
3577300	306188
3577301	306188
3577302	306188
3577303	306188
3577304	309931
3577305	321631
3577306	354379
3577307	354379
3577308	354379
3577309	354379
3577310	371739
3577311	3577688
3577311	3577689
3577311	3577690
3577311	3577691
3577311	3577693
3577311	3577694
3577311	3577939
3577312	386730
3577313	299249
3577314	386734
3577315	386736
3577316	410529
3577317	410751
3577318	410751
3577319	410751
3577320	410751
3577321	424901
3577322	424901
3577323	424901
3577324	20386
3577325	20386
3577326	430471
3577327	430471
3577328	430654
3577329	435162
3577330	435452
3577331	3577935
3577332	435453
3577333	451281
3577334	535557
3577335	535557
3577336	555274
3577337	563720
3577338	563720
3577339	618649
3577340	449105
3577341	259193
3577342	640717
3577343	642458
3577344	757522
3577345	792546
3577346	887271
3577347	1012609
3577348	1098224
3577349	1098268
3577350	1121357
3577351	1121357
3577352	1121362
3577353	1276130
3577354	1331062
3577355	1383641
3577356	3577713
3577357	1400236
3577358	1400236
3577359	1400236
3577360	3577714
3577360	3577715
3577360	3577716
3577360	3577717
3577360	3577718
3577360	3577719
3577362	1486871
3577363	1491707
3577364	1491708
3577365	1491709
3577366	1491709
3577367	3408882
3577368	1514070
3577369	1520245
3577370	1520245
3577371	1520245
3577372	1541482
3577373	1575786
3577374	3408897
3577375	1642586
3577376	1671853
3577377	3408905
3577378	1671854
3577379	3408904
3577380	3408906
3577381	1755544
3577382	3408908
3577382	3577539
3577383	1769794
3577384	1817980
3577385	3408914
3577385	3577538
3577386	1841600
3577387	3408916
3577387	3577536
3577387	3577537
3577388	3408915
3577389	3408918
3577389	3577535
3577390	2094825
3577391	2099853
3577392	2175917
3577393	3408919
3577393	3577534
3577394	2235725
3577395	2235726
3577396	3408924
3577397	2237160
3577398	3408925
3577399	2237161
3577400	2237161
3577401	3408926
3577402	2237162
3577403	3408926
3577404	2237163
3577405	3408927
3577406	2237164
3577407	3408928
3577408	2237166
3577409	2237166
3577410	2237167
3577411	2237168
3577412	2237169
3577413	2237169
3577414	3408934
3577415	3408934
3577416	2237171
3577417	3408935
3577418	2237172
3577419	3408935
3577420	2237173
3577421	2237173
3577422	2237173
3577423	3408942
3577424	3408942
3577425	2237174
3577426	2237175
3577427	3408946
3577428	2237177
3577429	2237177
3577430	3408948
3577431	2240297
3577432	3408949
3577433	2240297
3577434	2240297
3577435	3408954
3577436	2240356
3577437	3408954
3577438	2240356
3577439	2241145
3577440	2244263
3577441	2244693
3577442	3408957
3577443	2244694
3577444	3408958
3577445	2245489
3577446	2245930
3577447	3563439
3577448	2245931
3577449	2245931
3577450	2245932
3577451	2245933
3577452	2245934
3577453	2245935
3577454	2245935
3577455	2245935
3577456	2245936
3577457	2245938
3577458	2245939
3577459	2245940
3577460	2245941
3577461	2245942
3577462	2245943
3577463	2245943
3577464	2245944
3577465	2245944
3577466	2245945
3577467	2245945
3577468	2245946
3577469	259705
3577470	2245947
3577471	2248486
3577472	2249622
3577473	2249622
3577474	2249622
3577475	2249623
3577476	2254857
3577477	2254857
3577478	3576046
3577478	3576049
3577479	2318277
3577480	2439748
3577481	2439749
3577482	2451689
3577483	3576046
3577483	3576049
3577484	2517386
3577485	2548096
3577486	2548873
3577487	2548905
3577488	2549608
3577489	2549608
3577490	2549609
3577491	2549682
3577492	2650901
3577493	2774869
3577494	2803391
3577495	2803392
3577496	2807657
3577497	2807658
3577498	2841357
3577499	2861764
3577500	2861764
3577501	2861764
3577502	2861764
3577503	2861764
3577504	2870302
3577505	2870306
3577506	2870309
3577507	2870311
3577508	2870314
3577509	2873825
3577510	2873825
3577511	2873825
3577512	2873825
3577513	2895120
3577514	2895121
3577515	3135784
3577516	3186577
3577517	3232355
3577518	3232355
3577519	3254621
3577520	3259390
3577521	3318649
3577522	3329835
3577523	3349385
3577524	3374157
3577525	3577934
3577526	3390253
3577527	3390253
3577528	3405590
3577529	3405591
3577530	3524072
3577533	630090
3577533	801026
3577534	3577393
3577535	3577389
3577536	3577387
3577537	3577387
3577538	3577385
3577539	3577382
3577541	3578431
3577542	3577671
3577542	3577672
3577542	3577673
3577542	3577674
3577542	3577675
3577542	3577676
3577542	3577679
3577543	3577678
3577544	3579470
3577544	3579471
3577547	3577548
3577548	3577547
3577549	1355739
3577550	1676387
3577551	121743
3577553	2263905
3577554	882638
3577555	3576605
3577555	3576764
3577556	1352369
3577557	3577070
3577559	2443019
3577560	3576749
3577561	3576740
3577562	3576757
3577562	3577770
3577563	3576735
3577565	122382
3577566	3202434
3577567	1792246
3577568	1792246
3577569	3576631
3577570	2743378
3577571	2256374
3577573	3324633
3577574	577936
3577575	577936
3577576	2313842
3577577	2649975
3577578	582344
3577579	696102
3577580	1073263
3577581	1941900
3577582	2364294
3577583	122444
3577584	707258
3577586	122696
3577587	122696
3577588	122696
3577589	122696
3577590	123421
3577591	123773
3577593	632100
3577594	123886
3577595	123886
3577596	123886
3577597	123886
3577598	998201
3577599	124020
3577599	124116
3577600	124116
3577601	124116
3577602	1915994
3577602	3579479
3577603	630153
3577603	724442
3577604	630135
3577605	2905571
3577605	3578790
3577607	508463
3577608	124208
3577610	3577611
3577611	3577610
3577612	633000
3577612	3577615
3577613	124815
3577614	2945423
3577615	3577612
3577615	3577769
3577617	1953088
3577619	568372
3577620	3579478
3577622	637920
3577622	3577677
3577623	125435
3577624	2447480
3577624	3577625
3577625	3577624
3577626	436877
3577627	436877
3577628	2270379
3577629	3330974
3577630	2270379
3577631	2270379
3577632	2270379
3577633	2270379
3577634	2270379
3577635	48757
3577636	49150
3577637	50044
3577638	1454073
3577639	637920
3577640	2308294
3577641	3530649
3577642	22431
3577643	22561
3577644	3515319
3577645	501837
3577646	134932
3577647	11570
3577648	2643457
3577649	2643457
3577650	2452743
3577651	313933
3577652	2452743
3577653	2254863
3577654	2254863
3577655	2647786
3577656	2546407
3577657	2546407
3577658	2546407
3577659	2592820
3577659	3577766
3577659	3579453
3577660	1580185
3577660	2524361
3577661	1580185
3577661	2524361
3577662	2408636
3577663	2408636
3577664	2408636
3577665	2408636
3577666	2408636
3577667	2408636
3577668	878231
3577669	2643586
3577670	2724624
3577671	3577542
3577672	3577542
3577673	3577542
3577674	3577542
3577675	3577542
3577676	3577542
3577677	3577622
3577678	3577543
3577679	3577542
3577681	791917
3577682	3577684
3577682	3579447
3577683	406
3577684	3577682
3577684	3579447
3577685	3577686
3577686	3577685
3577686	3578815
3577686	3578909
3577687	3577695
3577687	3577697
3577687	3577720
3577687	3577729
3577688	3577311
3577689	3577311
3577690	3577311
3577691	3577311
3577692	10343
3577692	70044
3577692	589744
3577692	2455002
3577693	3577311
3577694	3577311
3577695	3577687
3577695	3577697
3577695	3577720
3577695	3577729
3577697	3577687
3577697	3577695
3577697	3577720
3577699	2545681
3577699	2719999
3577700	2698398
3577701	2886141
3577702	2886141
3577703	2886141
3577704	2886141
3577705	2886141
3577706	2886141
3577707	2342345
3577708	2342345
3577709	2342345
3577710	2342345
3577711	3418143
3577712	3311160
3577713	3577356
3577714	3577360
3577715	3577360
3577716	3577360
3577717	3577360
3577718	3577360
3577719	3577360
3577720	3577687
3577720	3577695
3577720	3577697
3577721	3577722
3577721	3577723
3577721	3577724
3577722	3577721
3577722	3577723
3577722	3577724
3577722	3577725
3577723	3577721
3577723	3577722
3577723	3577725
3577724	3577721
3577724	3577722
3577724	3577728
3577725	3577722
3577725	3577723
3577726	3578690
3577728	3577724
3577729	3577687
3577729	3577695
3577729	3577730
3577730	3577729
3577731	2300723
3577732	1392732
3577733	2551587
3577734	3577736
3577734	3577738
3577735	26855
3577736	3577734
3577736	3577738
3577737	26855
3577738	3577734
3577738	3577736
3577739	1592351
3577740	2026801
3577741	3094637
3577742	3159373
3577742	3577743
3577743	3159373
3577743	3577742
3577743	3579039
3577744	2683157
3577745	2241367
3577745	3159373
3577746	2683157
3577747	2695886
3577748	2814408
3577749	3577752
3577749	3579477
3577750	3346390
3577750	3346391
3577750	3346392
3577750	3346442
3577750	3577754
3577750	3577779
3577751	273445
3577752	3577749
3577753	273445
3577754	3346390
3577754	3346392
3577754	3346442
3577754	3577750
3577755	3577824
3577755	3577956
3577756	3390698
3577757	3199773
3577758	3577760
3577759	2495664
3577760	3577758
3577761	1655362
3577762	1868319
3577763	2495664
3577764	1621577
3577765	2777438
3577766	3577659
3577766	3579453
3577767	1088349
3577768	632671
3577769	3577615
3577770	3577562
3577771	632671
3577771	652346
3577771	1200714
3577772	3577822
3577772	3578510
3577772	3578754
3577772	3579265
3577772	3579267
3577772	3579270
3577773	735654
3577774	3577821
3577775	1090041
3577776	2436583
3577777	3576845
3577778	3576826
3577779	3346391
3577779	3346392
3577779	3577750
3577780	3576792
3577781	1961626
3577782	3576765
3577783	2077388
3577784	2809436
3577785	135435
3577786	249973
3577787	1615809
3577787	1880924
3577788	1645719
3577789	3468441
3577790	481550
3577791	3576813
3577792	3288881
3577792	3360126
3577792	3576621
3577792	3577797
3577793	3576798
3577794	3576796
3577795	356295
3577796	1083192
3577796	1361531
3577797	3288881
3577797	3576621
3577797	3577792
3577798	2602329
3577799	3508893
3577800	3577802
3577800	3577803
3577800	3577804
3577800	3577807
3577801	2869555
3577801	3579476
3577802	3577800
3577802	3577803
3577802	3577804
3577802	3577807
3577803	3577800
3577803	3577802
3577803	3577804
3577804	3577800
3577804	3577802
3577804	3577803
3577804	3577807
3577804	3577808
3577804	3577809
3577805	916416
3577805	1319740
3577806	916416
3577806	1319740
3577807	3577800
3577807	3577802
3577807	3577804
3577808	3577804
3577809	3577804
3577810	2331882
3577810	2331945
3577810	3579475
3577811	2642307
3577812	2642307
3577813	2642307
3577814	1363387
3577815	1363387
3577816	1363387
3577817	1363387
3577818	1363387
3577819	1363387
3577820	3442431
3577820	3443429
3577820	3444791
3577820	3577823
3577821	3577774
3577821	3578509
3577822	3577772
3577822	3578510
3577823	3577820
3577824	3577755
3577825	2991688
3577825	3575636
3577825	3575637
3577825	3577828
3577826	621156
3577826	1969719
3577827	3575608
3577828	2991688
3577828	3575636
3577828	3577825
3577829	3575998
3577830	3576000
3577831	3576000
3577832	2092506
3577832	3579442
3577833	2056716
3577834	362
3577834	565646
3577834	565688
3577834	2364013
3577835	241377
3577836	3575495
3577837	1109897
3577837	1110000
3577837	1111064
3577837	1111214
3577837	1659517
3577837	1659518
3577837	2775832
3577837	2826441
3577837	2826453
3577837	3151133
3577838	3431132
3577838	3579441
3577839	802618
3577840	2416455
3577841	1436299
3577842	3574923
3577843	802618
3577844	802618
3577845	802618
3577845	3577853
3577845	3578742
3577846	3576748
3577847	3576742
3577848	256455
3577848	388149
3577848	388411
3577848	460550
3577848	621938
3577848	1444017
3577848	3095768
3577849	3576738
3577850	2064804
3577850	3578226
3577850	3578752
3577851	948426
3577851	2095429
3577851	2880999
3577851	2881019
3577851	3578225
3577852	316853
3577853	3577845
3577854	802618
3577857	305367
3577867	69738
3577874	1876924
3577875	2533952
3577877	27072
3577878	396222
3577878	2977688
3577879	2977688
3577880	396222
3577880	2977691
3577882	2977691
3577888	253937
3577889	253937
3577890	253937
3577891	253937
3577897	67202
3577903	3288889
3577906	282404
3577906	1391728
3577906	2195138
3577906	3300371
3577906	3573447
3577908	3578054
3577909	697598
3577910	649705
3577910	654708
3577910	664195
3577910	697599
3577911	3577913
3577911	3578749
3577911	3579469
3577912	54201
3577912	431814
3577912	1038640
3577912	1288284
3577912	2835125
3577913	3577911
3577914	1166988
3577915	1166988
3577916	1166988
3577917	1166988
3577918	2955440
3577919	2955439
3577920	1255401
3577921	1255401
3577922	317691
3577922	3577925
3577923	1027738
3577923	1972694
3577923	1972699
3577924	1027737
3577925	317691
3577925	3577922
3577925	3577932
3577925	3578110
3577925	3578116
3577925	3578117
3577926	2210280
3577927	410310
3577927	428768
3577927	763866
3577927	932720
3577927	1017369
3577927	1017394
3577927	1017396
3577927	1427804
3577927	2594254
3577927	3079013
3577927	3083483
3577927	3458429
3577928	1017396
3577929	1017396
3577930	1017396
3577931	2279308
3577932	3577925
3577933	59626
3577933	743632
3577933	942333
3577934	3577525
3577934	3579440
3577935	3577331
3577938	649967
3577938	664201
3577938	697610
3577939	3577311
3577940	3577278
3577941	3577177
3577941	3577947
3577941	3577948
3577942	649972
3577943	3577174
3577944	239005
3577945	2858083
3577946	2858083
3577947	3577941
3577948	3577941
3577949	305597
3577949	371122
3577949	709502
3577949	832090
3577950	2210281
3577951	2210282
3577951	2343442
3577951	2343444
3577952	1927341
3577953	2210283
3577954	1927341
3577955	1698118
3577956	3577755
3577957	2858083
3577958	2858083
3577959	2210287
3577960	1550751
3577961	3577975
3577962	1550752
3577962	3577976
3577963	2210392
3577964	2301947
3577964	2302540
3577964	2302541
3577964	3477212
3577964	3477215
3577965	2451366
3577966	2374083
3577967	2011767
3577968	1246155
3577969	3578066
3577970	737959
3577971	2210394
3577972	2210396
3577973	2210402
3577974	2210411
3577975	3577961
3577976	3577962
3577977	1647851
3577978	2960371
3577979	2969880
3577980	2210484
3577981	724967
3577982	1979709
3577983	2210523
3577984	2210523
3577985	2010266
3577986	2969887
3577987	2969897
3577988	2969897
3577989	2969898
3577990	2969899
3577990	2969901
3577991	3577992
3577991	3578004
3577991	3578015
3577991	3578019
3577991	3578132
3577992	3577991
3577993	3007442
3577994	3060145
3577995	3060143
3577996	58773
3577997	3106439
3577998	3106439
3577999	3106439
3578000	3106439
3578001	3107313
3578002	3541062
3578003	3541066
3578004	3577991
3578005	1281009
3578006	1281009
3578007	1545001
3578008	2189179
3578009	2217196
3578010	2260054
3578011	2398270
3578012	2723895
3578013	3134386
3578014	2777649
3578015	3577991
3578016	3204782
3578017	2919440
3578018	3204782
3578019	3577991
3578020	3578024
3578020	3578041
3578020	3578087
3578020	3578397
3578020	3578399
3578020	3578402
3578020	3578407
3578020	3578411
3578020	3578553
3578021	3102556
3578022	3353596
3578023	3353596
3578024	3578020
3578025	3545340
3578026	3204782
3578027	3204782
3578028	1953268
3578029	1953268
3578030	2485268
3578031	2571321
3578032	338391
3578032	338394
3578032	338490
3578032	2485268
3578033	265040
3578034	2571321
3578035	265040
3578036	265049
3578037	265049
3578038	433642
3578039	2571321
3578040	433642
3578041	3578020
3578041	3578087
3578042	2571321
3578043	2571321
3578044	1868481
3578045	3204789
3578046	3204792
3578047	2571321
3578048	3204794
3578049	3204794
3578050	487851
3578051	3204795
3578052	3204795
3578053	3204796
3578054	3577908
3578055	3204816
3578056	3204816
3578057	3204830
3578058	3271013
3578059	3204830
3578060	3271015
3578062	3271019
3578063	3578747
3578064	3204795
3578065	3271039
3578066	3577969
3578067	3271041
3578068	3578222
3578068	3578606
3578068	3579468
3578069	3204838
3578070	3271014
3578071	3271045
3578072	3271047
3578073	3204845
3578074	3204845
3578075	3271051
3578076	3204852
3578077	3204852
3578078	3204845
3578079	3204856
3578080	3204856
3578081	3204859
3578082	3204859
3578083	3204861
3578084	3204868
3578087	3578020
3578087	3578041
3578088	3204869
3578089	292079
3578090	3204869
3578091	274830
3578092	3204874
3578093	620712
3578094	620712
3578095	620712
3578096	3204868
3578096	3578151
3578096	3578152
3578097	3204886
3578098	3204886
3578099	2359408
3578100	2359408
3578101	2359409
3578102	2359409
3578103	2359409
3578104	2359409
3578105	2359409
3578106	2359409
3578107	3204868
3578108	2249282
3578110	3577925
3578111	69923
3578112	69923
3578113	69923
3578114	69923
3578115	2249286
3578116	3577925
3578117	3577925
3578118	2249291
3578118	2702421
3578119	2249292
3578120	2249304
3578121	2249305
3578122	2249321
3578122	2349604
3578122	2414096
3578122	2808088
3578122	2808832
3578122	2808834
3578123	2249322
3578124	2249324
3578125	2249324
3578125	2249325
3578126	3578129
3578126	3578133
3578126	3578138
3578126	3578140
3578126	3578142
3578127	2249326
3578128	2249333
3578129	3578126
3578130	577801
3578131	3202069
3578132	3577991
3578133	3578126
3578134	577949
3578135	3342860
3578136	3329485
3578137	27002
3578138	3578126
3578139	2544767
3578139	2906839
3578140	3578126
3578141	2594361
3578142	3578126
3578143	2431216
3578144	1633102
3578145	2698652
3578146	2075953
3578147	2785044
3578148	1961266
3578148	3579439
3578149	278174
3578150	3578163
3578150	3578169
3578150	3578186
3578150	3578191
3578151	3204868
3578151	3578096
3578152	3204868
3578152	3578096
3578153	2769886
3578154	3428458
3578155	3292624
3578156	242156
3578157	3578158
3578157	3578160
3578158	3578157
3578158	3578160
3578159	2755313
3578160	3578157
3578160	3578158
3578161	2755313
3578162	2755313
3578162	3578493
3578163	3578150
3578164	3578165
3578164	3578166
3578165	3578164
3578165	3578166
3578165	3578173
3578165	3579474
3578166	3578164
3578166	3578165
3578166	3578173
3578166	3579474
3578167	2013981
3578167	3578491
3578168	3578170
3578168	3578172
3578169	3578150
3578170	3578168
3578170	3578172
3578171	3578182
3578172	3578168
3578172	3578170
3578173	3578165
3578173	3578166
3578173	3578485
3578173	3579474
3578175	3578177
3578175	3578178
3578176	3578197
3578177	3578175
3578177	3578178
3578177	3579473
3578178	3578175
3578178	3578177
3578178	3578334
3578178	3579473
3578180	3578395
3578180	3578398
3578181	325841
3578182	3578171
3578183	3578386
3578184	3579437
3578185	3578187
3578186	3578150
3578187	3578185
3578188	3202070
3578189	637954
3578189	1168021
3578189	1168076
3578189	2815703
3578189	2900479
3578190	3202083
3578191	3578150
3578192	3202083
3578193	3578194
3578193	3578195
3578194	3578193
3578194	3578195
3578195	3578193
3578195	3578194
3578196	3202096
3578197	3578176
3578197	3578688
3578197	3578932
3578198	3202097
3578199	3202098
3578200	3202098
3578201	3202099
3578202	3202099
3578203	3202109
3578204	2789274
3578206	3185617
3578206	3578473
3578207	3578383
3578207	3578384
3578208	2644301
3578209	3327792
3578210	2085363
3578211	1886048
3578211	2763129
3578212	671398
3578213	709406
3578213	969605
3578213	2144635
3578214	31091
3578215	2407934
3578216	2990449
3578217	3093806
3578217	3109846
3578218	3093806
3578218	3109846
3578219	272546
3578219	272547
3578219	396697
3578219	397234
3578219	397241
3578219	397262
3578219	397462
3578219	441227
3578219	478478
3578219	560987
3578219	638218
3578219	772437
3578219	902137
3578219	1242530
3578219	1351039
3578220	2275276
3578221	1678422
3578222	3578068
3578223	3223022
3578224	3223022
3578225	948420
3578225	948426
3578225	1101829
3578225	2095429
3578225	2097410
3578225	2097411
3578225	2986109
3578225	3577851
3578226	2064804
3578226	2390394
3578226	2395810
3578226	3577850
3578227	3223022
3578228	2988456
3578229	2988456
3578230	2193145
3578231	2988456
3578232	2988456
3578233	2218203
3578233	3578329
3578233	3578466
3578234	1831841
3578235	1831841
3578236	67168
3578236	1493299
3578237	2951508
3578238	2951508
3578238	3578465
3578239	2971307
3578239	3579472
3578240	3300761
3578241	54006
3578242	40036
3578242	3578467
3578243	2731590
3578244	3578245
3578245	3578244
3578246	3022206
3578246	3022207
3578247	3578248
3578248	3578247
3578249	3472400
3578250	3578251
3578251	3578250
3578252	3578253
3578253	3578252
3578254	3578255
3578255	3578254
3578256	3578257
3578257	3578256
3578258	3577166
3578259	3578260
3578260	3578259
3578261	3578262
3578262	3578261
3578263	3578264
3578264	3578263
3578265	3578266
3578266	3578265
3578267	3578268
3578268	3578267
3578269	3578270
3578270	3578269
3578271	3578272
3578271	3578273
3578272	3578271
3578273	3578271
3578274	3578277
3578275	118369
3578276	171650
3578277	3578274
3578278	2987854
3578279	3578280
3578280	3578279
3578281	75316
3578282	3320008
3578282	3578998
3578283	3578286
3578284	198303
3578285	108300
3578286	3578283
3578287	778236
3578288	2704547
3578289	3578291
3578290	92614
3578291	3578289
3578292	187657
3578293	3578295
3578294	230546
3578295	3578293
3578296	3137498
3578297	3578298
3578298	3578297
3578299	1272419
3578300	3578301
3578301	3578300
3578302	1272437
3578303	3578304
3578304	3578303
3578306	1536699
3578307	3578308
3578308	3578307
3578309	3578311
3578310	1274027
3578311	3578309
3578312	1766409
3578313	1766409
3578314	1766409
3578315	1274162
3578316	3578319
3578317	62584
3578317	1274179
3578318	3175992
3578319	3578316
3578320	3232864
3578321	3578323
3578322	3194253
3578323	3578321
3578324	1274622
3578325	3238445
3578326	3262249
3578327	3262249
3578328	1275793
3578329	2218203
3578329	3578233
3578330	900469
3578331	1276644
3578332	982543
3578333	982543
3578334	3578178
3578335	293256
3578336	1277924
3578337	1278061
3578338	96110
3578339	293408
3578340	293408
3578341	196574
3578342	30367
3578343	293408
3578346	1954268
3578347	1954268
3578348	1954268
3578349	293408
3578350	2870888
3578351	2870888
3578352	212065
3578353	1779859
3578354	1779859
3578355	1779859
3578356	1779859
3578357	1779859
3578358	1779859
3578359	1779859
3578360	1779859
3578361	1779859
3578362	1779859
3578363	1779859
3578364	1779859
3578368	3577071
3578368	3578422
3578369	2251240
3578370	3184570
3578371	189604
3578372	649970
3578383	3578207
3578383	3578433
3578383	3578434
3578384	3578207
3578385	697617
3578386	3578183
3578386	3578437
3578387	953223
3578388	3202111
3578389	3202111
3578392	341981
3578393	790955
3578393	1481579
3578394	341981
3578395	3578180
3578396	650183
3578397	3578020
3578398	3578180
3578398	3578461
3578399	3578020
3578400	3202120
3578401	3202120
3578402	3578020
3578403	3202120
3578404	3202120
3578405	3202122
3578406	3202124
3578407	3578020
3578408	3202124
3578409	64513
3578410	3202126
3578411	3578020
3578412	3202126
3578413	3202135
3578414	3202135
3578415	661518
3578416	3202137
3578417	3202138
3578418	3202138
3578419	3202140
3578420	661544
3578421	3202141
3578422	3578368
3578423	3428405
3578424	3428405
3578431	3577541
3578431	3578557
3578432	906190
3578433	3578383
3578434	3578383
3578435	1404926
3578436	2406902
3578437	3578386
3578461	3578398
3578462	314158
3578463	46558
3578464	135538
3578465	3578238
3578466	3578233
3578467	3578242
3578468	1471348
3578469	2956467
3578470	2956467
3578471	1471348
3578472	135562
3578472	3578979
3578473	3578206
3578474	2111718
3578475	2111718
3578476	2111718
3578477	2111718
3578478	2111718
3578479	2111718
3578480	2111718
3578481	2111718
3578482	2111718
3578483	2111718
3578484	2111718
3578485	3578173
3578486	2111718
3578487	1797394
3578490	1936413
3578491	3578167
3578492	135565
3578492	3578922
3578493	3578162
3578494	2041644
3578495	27528
3578496	135571
3578496	3578920
3578497	27528
3578498	27528
3578499	3123549
3578500	3123549
3578501	3123549
3578502	135572
3578502	3578870
3578503	3123549
3578505	326646
3578506	135573
3578506	3578867
3578507	345814
3578508	345814
3578509	3577821
3578510	3577772
3578510	3577822
3578511	455799
3578512	3202146
3578513	455806
3578514	321372
3578515	3202148
3578516	135574
3578516	3578861
3578517	3202148
3578518	623896
3578519	3202145
3578520	741460
3578521	775824
3578522	858563
3578523	3202145
3578524	925453
3578525	3202147
3578526	3202147
3578526	3578541
3578527	3202151
3578528	1196267
3578529	1196267
3578530	3202154
3578531	1196267
3578532	286162
3578533	1196267
3578534	286162
3578535	2445986
3578535	3578857
3578536	959350
3578537	3572244
3578537	3578855
3578538	959350
3578539	959350
3578540	959350
3578541	3578526
3578542	3202170
3578543	2200705
3578544	3202170
3578545	2567150
3578546	3202171
3578547	3202171
3578548	3202170
3578549	3202170
3578551	3202177
3578552	3202177
3578553	3578020
3578554	3202179
3578555	3202181
3578556	3202181
3578557	3578431
3578558	3576809
3578559	3151458
3578560	3151458
3578561	3561733
3578562	3561692
3578563	3553599
3578564	3577176
3578564	3578569
3578564	3579065
3578565	3202260
3578566	3553012
3578567	296349
3578568	3552394
3578568	3552443
3578568	3552447
3578568	3552448
3578568	3552449
3578568	3552450
3578568	3552451
3578568	3552452
3578568	3552453
3578568	3552454
3578568	3552455
3578568	3552456
3578568	3552457
3578568	3552458
3578568	3578625
3578569	3578564
3578570	3577168
3578571	3550867
3578571	3578623
3578572	3202273
3578572	3437795
3578572	3438390
3578573	3202273
3578573	3437798
3578573	3438389
3578574	3202273
3578574	3437800
3578574	3438389
3578575	3549488
3578576	3202280
3578577	3202280
3578580	296349
3578584	2654861
3578585	217527
3578586	481895
3578587	222918
3578588	1277901
3578589	3578592
3578589	3579058
3578590	1171014
3578591	3202282
3578592	3578589
3578592	3579058
3578593	3202282
3578595	159406
3578595	1079920
3578596	3202295
3578598	3202295
3578599	869273
3578600	3202296
3578601	633064
3578602	226395
3578603	3202299
3578604	3202299
3578605	3202299
3578606	3578068
3578606	3579468
3578607	3202299
3578608	83993
3578609	3202301
3578610	2790857
3578611	2341813
3578612	83993
3578613	190545
3578614	175711
3578615	215213
3578615	2228518
3578616	52511
3578616	215213
3578616	2228518
3578617	52511
3578617	215213
3578617	2228518
3578618	2358712
3578619	2797725
3578620	2358712
3578621	3202302
3578622	3202302
3578623	3578571
3578624	190532
3578625	3578568
3578626	1848747
3578627	3202306
3578628	191321
3578629	3202306
3578630	3466103
3578631	3202310
3578632	3202310
3578633	3202311
3578634	3202311
3578635	60124
3578635	1192290
3578635	1555119
3578635	1701381
3578636	1717647
3578637	60124
3578637	1192290
3578637	1555119
3578637	1701381
3578638	2080079
3578639	1192290
3578639	1192397
3578639	1192910
3578639	1369424
3578639	1555119
3578640	2426872
3578641	236909
3578641	1151914
3578642	236909
3578642	1151914
3578643	3495148
3578644	694330
3578644	696047
3578645	553011
3578646	694330
3578646	695927
3578647	1852717
3578648	7405
3578648	161534
3578648	252982
3578648	1167451
3578649	161534
3578649	1167451
3578650	152904
3578650	718363
3578651	2780002
3578652	3202319
3578653	3202319
3578655	152904
3578656	204215
3578656	205216
3578656	442964
3578657	204215
3578657	205216
3578657	442964
3578658	3202320
3578659	2361667
3578660	3202320
3578661	3202320
3578662	3202320
3578663	204215
3578664	3202321
3578665	3202321
3578666	57949
3578667	429737
3578667	2110497
3578668	1983241
3578669	3202330
3578670	2587554
3578670	3579436
3578671	3202330
3578672	2587554
3578673	573629
3578674	1199722
3578675	2884981
3578675	3579435
3578676	1296567
3578677	145919
3578677	145920
3578677	145921
3578678	1296567
3578679	1723464
3578679	2795048
3578680	1309627
3578681	584659
3578682	145919
3578682	145921
3578683	1340368
3578684	1502152
3578685	1035904
3578685	1038413
3578686	1035904
3578686	1038413
3578687	1698852
3578688	3578197
3578689	161758
3578689	233708
3578690	3577726
3578691	1754720
3578692	1820065
3578693	1357707
3578694	1820065
3578695	635526
3578696	1820065
3578697	1820065
3578698	1357707
3578699	2548697
3578700	635526
3578701	1910029
3578702	1976900
3578703	1976900
3578704	2248328
3578705	2248328
3578706	217481
3578707	1357708
3578708	3578710
3578708	3578929
3578708	3579483
3578709	54790
3578710	3578708
3578711	1185754
3578712	2664720
3578712	2794290
3578712	3022981
3578713	174391
3578714	1173470
3578715	2115675
3578716	1401175
3578717	2115675
3578718	184565
3578719	2410374
3578720	2471971
3578721	2684232
3578722	1187603
3578723	161069
3578723	224860
3578724	1905460
3578725	161069
3578726	2163054
3578727	880630
3578727	3579434
3578728	2637598
3578729	3477600
3578730	1370594
3578731	668857
3578732	3455690
3578733	2488843
3578734	3578923
3578734	3579086
3578735	2933023
3578737	2678669
3578738	2900165
3578739	833163
3578740	2867047
3578741	474691
3578742	3577845
3578743	1555133
3578744	796816
3578745	164164
3578746	188327
3578746	1733997
3578747	3578063
3578748	343263
3578749	3577911
3578750	874469
3578751	1160739
3578751	1160740
3578752	3577850
3578753	3202331
3578754	3577772
3578755	162117
3578756	3202331
3578757	619145
3578758	3202332
3578759	3576207
3578760	3202332
3578761	1160739
3578762	3576205
3578763	2032308
3578764	3576200
3578765	3202336
3578766	3576197
3578767	3202336
3578768	2880999
3578769	3576194
3578770	1143290
3578771	3576183
3578772	127755
3578772	237358
3578772	260864
3578772	454131
3578772	512859
3578772	1143290
3578772	2233874
3578773	1670472
3578774	3576176
3578775	1539116
3578776	3044697
3578777	3576170
3578778	2948756
3578779	3576161
3578780	3379282
3578781	1167755
3578782	3213105
3578783	3576152
3578784	154629
3578784	259911
3578784	825044
3578784	1167755
3578785	3576147
3578786	2553907
3578787	3576118
3578788	3057144
3578789	63550
3578789	226210
3578789	1230898
3578790	3577605
3578791	2632489
3578792	3576080
3578793	3424482
3578794	63550
3578794	226210
3578794	1230898
3578795	2978003
3578796	2543323
3578796	2978002
3578797	3357889
3578797	3357972
3578798	2978004
3578799	3357889
3578799	3357972
3578800	2978005
3578801	3576000
3578802	2230643
3578803	3575608
3578804	3568782
3578805	3488821
3578806	83665
3578806	2315829
3578807	3559582
3578808	83665
3578808	2315829
3578809	2052496
3578810	469952
3578811	3028382
3578812	3202345
3578813	3202345
3578814	2749961
3578815	3577686
3578816	3202345
3578817	3202345
3578818	197890
3578818	1068255
3578819	3202346
3578820	3228986
3578821	3202346
3578822	3202346
3578823	3202346
3578824	3202354
3578825	3346184
3578826	3202354
3578827	5426
3578828	3202355
3578829	3202355
3578830	3202357
3578831	3202358
3578832	82466
3578833	2537014
3578834	3388506
3578835	2577647
3578836	3202361
3578837	3202361
3578838	3202362
3578839	1933930
3578840	752900
3578840	1183232
3578840	1183234
3578841	3477379
3578842	2912117
3578842	2912644
3578843	2912122
3578844	2912126
3578845	2381799
3578846	3112868
3578847	1171900
3578848	666840
3578849	148964
3578849	1171900
3578850	172614
3578850	228527
3578851	1632332
3578852	2995324
3578853	197418
3578853	1036816
3578854	1036816
3578855	3578537
3578856	197418
3578856	1036816
3578856	2684823
3578857	3578535
3578858	1153980
3578859	200329
3578859	1327473
3578859	2929357
3578860	77681
3578860	77682
3578860	200329
3578860	2250865
3578860	2929357
3578861	3578516
3578862	3573462
3578863	2880300
3578864	1642083
3578864	1642093
3578865	3295648
3578866	1642083
3578866	1642093
3578867	3578506
3578868	194651
3578868	1226868
3578869	1362630
3578870	3578502
3578871	220242
3578871	1193492
3578871	1193493
3578872	2132964
3578873	220242
3578874	1179930
3578875	1179930
3578876	163429
3578877	231745
3578877	628652
3578878	2796902
3578879	231745
3578880	2840189
3578881	385394
3578882	3000733
3578883	25013
3578883	158159
3578883	187876
3578883	3071316
3578884	3000778
3578885	25013
3578885	158159
3578886	2064501
3578887	2064501
3578888	260678
3578889	184795
3578890	184795
3578891	298779
3578892	184731
3578893	222113
3578893	1699002
3578894	222113
3578895	3495897
3578896	150098
3578896	264459
3578896	1698303
3578897	150098
3578897	264459
3578897	1698303
3578898	1431786
3578899	1431786
3578900	78364
3578900	1140577
3578901	687702
3578902	2647060
3578903	687702
3578905	2647728
3578905	3529967
3578906	3202371
3578907	4876
3578908	3202370
3578909	3577686
3578910	4826
3578911	78364
3578911	1140577
3578912	78364
3578912	1140577
3578913	24877
3578914	1523547
3578915	281038
3578916	2360078
3578917	253839
3578918	2293999
3578919	1046268
3578920	3578496
3578921	1046268
3578922	3578492
3578923	3578734
3578923	3579086
3578924	281033
3578925	215379
3578925	215382
3578926	187122
3578927	1964661
3578928	2320324
3578929	3578708
3578930	1193296
3578931	215379
3578931	215382
3578932	3578197
3578933	203182
3578934	126622
3578934	203182
3578935	126622
3578936	186901
3578936	192033
3578936	192034
3578937	186901
3578937	192033
3578937	192034
3578938	1529769
3578939	186901
3578939	192033
3578939	192034
3578940	142944
3578941	209914
3578942	184131
3578942	2672638
3578943	228755
3578944	889743
3578944	2503264
3578945	153375
3578946	2056215
3578947	1673804
3578948	321708
3578949	205400
3578949	1673804
3578950	79962
3578951	116277
3578952	321710
3578953	112170
3578954	162905
3578955	174002
3578955	1592958
3578956	114970
3578957	199714
3578957	1250368
3578958	321728
3578959	207410
3578960	237367
3578960	1143253
3578961	237367
3578962	1649510
3578963	237367
3578964	1194666
3578965	2602754
3578966	207797
3578967	2602592
3578968	2909622
3578969	226895
3578970	82097
3578970	160814
3578970	196353
3578971	2909622
3578972	82097
3578972	160814
3578972	196353
3578973	180019
3578974	1169230
3578975	233251
3578976	518601
3578977	77670
3578977	1127556
3578977	1127559
3578978	271335
3578979	3578472
3578980	169665
3578981	1127559
3578982	160439
3578983	160856
3578983	1167457
3578984	2239647
3578984	2239667
3578984	2239672
3578985	2271867
3578985	2558824
3578986	2271869
3578986	2558820
3578987	2239668
3578987	2239673
3578988	2239648
3578988	2239668
3578988	2239673
3578989	2239648
3578989	2239668
3578989	2239673
3578990	2239667
3578990	2239672
3578991	2239647
3578991	2239667
3578991	2239672
3578992	1234464
3578993	2714969
3578994	235694
3578995	2271865
3578996	196231
3578996	1066128
3578996	1066129
3578997	196231
3578997	1066128
3578997	1066129
3578998	3578282
3579000	2271852
3579001	2987990
3579002	768596
3579002	2670432
3579003	1189857
3579004	1575500
3579005	1575500
3579006	1575500
3579007	1575500
3579008	1575500
3579009	80372
3579010	1173458
3579011	1173458
3579012	3575229
3579013	194717
3579013	1206125
3579014	194717
3579014	1206125
3579015	3579018
3579015	3579020
3579015	3579092
3579016	2271837
3579017	194717
3579018	3579015
3579019	78309
3579019	1052648
3579020	3579015
3579021	180322
3579021	180337
3579022	2271768
3579023	172575
3579023	218036
3579024	172575
3579024	218036
3579026	145811
3579026	1163553
3579026	1163554
3579027	2392
3579028	145811
3579028	1163553
3579029	3579049
3579030	136859
3579030	203185
3579031	72431
3579032	3579051
3579033	3573296
3579034	62771
3579034	225434
3579035	62771
3579035	225434
3579036	3439900
3579036	3439901
3579037	3572909
3579038	1819087
3579038	2010985
3579038	2050124
3579038	2607245
3579038	2607246
3579038	2607247
3579038	2608273
3579038	2608274
3579038	2609424
3579038	2617189
3579038	2617190
3579038	2976049
3579038	3579040
3579039	3577743
3579040	1819087
3579040	2010985
3579040	2050124
3579040	2607245
3579040	2607246
3579040	2607247
3579040	2608273
3579040	2608274
3579040	2609424
3579040	2617189
3579040	2617190
3579040	2976049
3579040	3579038
3579041	3572895
3579042	3572881
3579043	2271767
3579044	2271764
3579045	2271764
3579046	2271764
3579047	3571669
3579047	3579063
3579049	3579029
3579050	500147
3579051	3579032
3579052	1154
3579052	2319
3579052	4173
3579052	439607
3579052	3579053
3579053	3579052
3579054	2062501
3579055	657228
3579056	1370144
3579057	2017173
3579058	3578589
3579058	3578592
3579059	1452773
3579060	2262813
3579061	570855
3579062	3202374
3579063	3579047
3579064	438160
3579065	3578564
3579066	3202378
3579067	395851
3579068	3202379
3579069	3202381
3579070	2317152
3579071	541336
3579072	527202
3579072	528718
3579072	726008
3579072	829165
3579072	1845901
3579072	2400472
3579073	2329708
3579074	2796649
3579075	2202318
3579076	2552487
3579077	3353097
3579078	2827045
3579080	2579332
3579081	5555
3579082	3266222
3579083	852240
3579083	852242
3579083	853858
3579084	2294120
3579085	3154384
3579086	3578734
3579086	3578923
3579087	3202382
3579088	3202384
3579089	3293322
3579090	3202386
3579091	3202388
3579092	3579015
3579093	1707555
3579094	1166932
3579094	1166933
3579095	1166932
3579095	1166933
3579096	2905525
3579097	1498854
3579098	544679
3579098	544685
3579099	544685
3579100	2308650
3579101	177306
3579101	232073
3579102	177306
3579102	232073
3579103	677313
3579104	3255800
3579105	177306
3579105	232073
3579106	11980
3579106	51142
3579106	340885
3579106	759593
3579106	987601
3579106	2430763
3579106	3375432
3579107	1670267
3579108	172572
3579108	214661
3579109	172572
3579109	214661
3579110	597425
3579111	3080131
3579112	171214
3579113	3573296
3579114	171214
3579115	2793694
3579116	3409535
3579117	2953920
3579118	2953920
3579119	2953920
3579120	2953920
3579121	1733421
3579122	2953920
3579123	2953920
3579124	2662930
3579125	2662930
3579126	1164982
3579126	1771917
3579127	3569260
3579128	2202785
3579129	2202785
3579130	2202785
3579131	2202785
3579132	2202785
3579133	1164982
3579133	1771917
3579134	2202785
3579135	2202785
3579136	2202785
3579137	2202785
3579138	2202785
3579139	2202785
3579140	645378
3579141	3202389
3579142	2202785
3579143	3202392
3579144	3568202
3579145	3202395
3579146	3249571
3579147	3202398
3579148	3202398
3579149	3560855
3579150	3574495
3579151	198994
3579151	1700212
3579152	3573387
3579153	3566335
3579154	3565967
3579155	226059
3579155	1250373
3579156	3574392
3579157	3564407
3579158	3573995
3579159	2268249
3579160	3573976
3579161	3521424
3579162	177845
3579162	222501
3579162	1153008
3579163	177845
3579163	222501
3579163	1153008
3579164	3564272
3579165	1153008
3579166	971761
3579167	1508449
3579168	2064605
3579169	1092203
3579170	414902
3579171	202173
3579171	202176
3579172	2783604
3579173	202173
3579173	202176
3579174	3573974
3579175	3573974
3579176	3198496
3579177	77232
3579177	184520
3579177	184522
3579178	2880435
3579179	3202399
3579180	3202399
3579181	2836237
3579182	3573969
3579183	3568837
3579184	1430542
3579185	3573968
3579186	3560116
3579187	3573968
3579188	3573968
3579189	184522
3579190	1163620
3579191	3539907
3579192	157477
3579192	1163620
3579193	2872000
3579194	1256793
3579194	2016939
3579194	2019626
3579195	2872000
3579196	2648301
3579197	2648301
3579198	236051
3579198	403299
3579199	2648301
3579200	2648301
3579201	3573941
3579202	2753279
3579203	3573941
3579204	236051
3579204	403299
3579205	2594038
3579206	3573940
3579207	726607
3579207	726906
3579208	726607
3579208	726906
3579209	3198665
3579210	3573819
3579211	3202406
3579212	3573819
3579213	3202406
3579214	2612401
3579215	3202407
3579216	3202407
3579217	3555092
3579218	78249
3579218	1125162
3579219	2606097
3579220	1125162
3579221	3573819
3579222	3573819
3579223	446944
3579224	2954603
3579225	3202418
3579226	2954603
3579227	2954603
3579228	2954603
3579229	2954603
3579230	3554679
3579231	1404179
3579232	2954603
3579233	3202420
3579234	3567736
3579235	3202420
3579236	2771171
3579237	3567736
3579238	3202421
3579239	3202421
3579240	3567732
3579241	903038
3579242	2040714
3579243	3202424
3579244	3567731
3579245	2979047
3579246	3567370
3579247	3176599
3579248	3567369
3579249	3202431
3579250	3202431
3579251	3030670
3579252	3567350
3579253	3567347
3579254	3202440
3579255	3296142
3579256	3567240
3579257	3567240
3579258	207620
3579259	3202446
3579260	3202446
3579261	3509789
3579262	3202449
3579263	3566482
3579264	3566482
3579265	3577772
3579266	3202450
3579267	3577772
3579268	3202451
3579270	3577772
3579271	3565832
3579272	493859
3579273	3565829
3579274	3202515
3579275	2723655
3579276	3202515
3579277	189134
3579277	189135
3579277	1033707
3579278	3202516
3579279	3202517
3579280	3202522
3579281	3202522
3579282	3202523
3579282	3505896
3579282	3505897
3579283	189134
3579283	189135
3579283	1033707
3579284	3565126
3579285	3565126
3579286	3202523
3579287	3202523
3579287	3505895
3579288	3565118
3579289	184763
3579289	1110706
3579290	3202523
3579291	3565118
3579292	3565110
3579293	3202524
3579293	3202670
3579294	3202524
3579294	3202670
3579295	3565069
3579296	3565069
3579297	192256
3579297	1069484
3579298	291610
3579299	291610
3579300	291610
3579301	291610
3579302	291610
3579303	291610
3579304	291610
3579305	291610
3579306	3563962
3579307	3202540
3579308	170603
3579308	170676
3579309	3202541
3579311	3202545
3579312	3202545
3579313	78356
3579314	78354
3579314	78356
3579314	78359
3579314	78361
3579315	3563668
3579316	3202555
3579317	3202555
3579318	78359
3579318	78361
3579319	3563649
3579322	124227
3579322	2976115
3579323	3563097
3579324	5302
3579324	2250722
3579325	3563098
3579326	3202601
3579327	3563096
3579328	3563096
3579329	3563095
3579330	3563095
3579331	1736589
3579332	15859
3579333	194907
3579333	1736589
3579334	3202601
3579336	2490987
3579337	3579465
3579338	2254886
3579339	2254886
3579340	2254890
3579341	2254896
3579342	2254610
3579343	2254910
3579344	2254910
3579345	2254557
3579346	2254521
3579347	2253692
3579348	2252618
3579349	3202654
3579350	2249202
3579352	2249041
3579353	3579467
3579354	2249013
3579355	2249013
3579356	2248892
3579357	2248892
3579358	3579466
3579359	2248688
3579360	2248323
3579360	3579363
3579360	3579365
3579361	3202704
3579362	3202704
3579363	2248323
3579363	3579360
3579363	3579365
3579365	2248323
3579365	3579360
3579365	3579363
3579366	2247413
3579367	3203706
3579368	2245339
3579369	3203714
3579370	2245069
3579371	16399
3579373	16399
3579374	16399
3579375	16399
3579376	16399
3579377	16399
3579378	51042
3579378	1159986
3579379	776
3579380	51042
3579380	1159986
3579381	2011621
3579382	2011621
3579383	2011621
3579384	2011621
3579385	2011621
3579386	2011621
3579387	1696961
3579388	1696961
3579389	2273779
3579390	2256570
3579390	2256621
3579390	2256630
3579390	3579392
3579391	2082630
3579392	2256570
3579392	2256576
3579392	2256621
3579392	2256630
3579392	3579390
3579393	2311561
3579394	2311561
3579395	2311561
3579396	2256620
3579397	3330610
3579398	3330610
3579399	25828
3579400	1177595
3579401	2256642
3579402	51549
3579403	316863
3579404	2256643
3579405	1344649
3579406	3199720
3579407	2647486
3579408	2891356
3579409	2891356
3579411	2489049
3579412	72877
3579413	2033616
3579414	2280445
3579416	2241510
3579417	3277267
3579418	2358756
3579419	1789259
3579420	1789259
3579421	1789259
3579422	3184340
3579423	2490945
3579424	3023636
3579425	2694910
3579426	2727812
3579427	3202446
3579428	3202446
3579429	3202446
3579430	3202446
3579431	394318
3579432	1781981
3579433	225878
3579434	3578727
3579435	3578675
3579436	3578670
3579437	3578184
3579438	94083
3579439	3578148
3579440	3577934
3579441	3577838
3579442	3577832
3579443	3576845
3579444	3576817
3579445	2270379
3579446	3576764
3579447	3577682
3579447	3577684
3579448	3576742
3579449	3576722
3579450	3576717
3579451	3576430
3579452	3576402
3579453	3577659
3579453	3577766
3579454	3576342
3579455	3576071
3579457	3575840
3579458	3575727
3579459	3575628
3579460	3575616
3579461	3575613
3579462	3575611
3579463	653060
3579464	3428563
3579465	3579337
3579466	3579358
3579467	3579353
3579468	3578068
3579468	3578606
3579469	3577911
3579470	3577544
3579471	3577544
3579472	2971306
3579472	2971307
3579472	3578239
3579473	3578177
3579473	3578178
3579474	3578165
3579474	3578166
3579474	3578173
3579475	2331882
3579475	3577810
3579476	3577801
3579477	3577749
3579478	3577620
3579479	10872
3579479	64555
3579479	227206
3579479	1915994
3579479	3577602
3579480	3576944
3579480	3576947
3579481	3575120
3579482	3573547
3579483	3578708
3579489	561759
3579499	3579501
3579500	3579505
3579501	3579499
3579502	3579504
3579504	3579502
3579505	3579500
3579506	3579507
3579507	3579506
3579508	3579509
3579509	3579508
3579510	3579511
3579511	3579510
3579512	3579513
3579513	3579512
3579514	3579515
3579515	3579514
3579516	3579517
3579517	3579516
3579518	3579519
3579519	3579518
3579520	3579521
3579521	3579520
3579522	3579524
3579524	3579522
3579525	3579526
3579526	3579525
3579527	3579528
3579528	3579527
3579529	3579530
3579530	3579529
3579531	3579532
3579532	3579531
3579533	3579534
3579534	3579533
3579535	3579536
3579536	3579535
3579539	3579543
3579543	3579539
3579545	3579546
3579546	3579545
3579547	3579548
3579548	3579547
3579549	3579550
3579550	3579549
3579551	3579552
3579552	3579551
3579553	3579554
3579554	3579553
3579555	3579556
3579556	3579555
3579557	3579559
3579558	3579567
3579558	3579590
3579559	3579557
3579560	3579561
3579561	3579560
3579562	3579563
3579563	3579562
3579566	302505
3579566	3571467
3579566	3571468
3579567	3579558
3579567	3579590
3579568	3579569
3579569	3579568
3579570	3579571
3579571	3579570
3579572	3579573
3579573	3579572
3579574	3579575
3579575	3579574
3579576	3579577
3579577	3579576
3579578	3579579
3579579	3579578
3579580	3579581
3579581	3579580
3579582	3579583
3579583	3579582
3579584	3579585
3579585	3579584
3579586	3579587
3579587	3579586
3579588	3579589
3579589	3579588
3579590	3579558
3579590	3579567
3579591	3579592
3579592	3579591
3579593	3579594
3579594	3579593
3579595	3579596
3579596	3579595
3579597	3579598
3579597	3579599
3579598	3579597
3579599	3579597
3579600	3579601
3579601	3579600
3579602	3579603
3579603	3579602
3579604	3579605
3579605	3579604
3579606	3579607
3579607	3579606
3579608	3579609
3579609	3579608
3579610	3579611
3579611	3579610
3579612	3579613
3579613	3579612
3579614	3579615
3579615	3579614
3579616	3579617
3579617	3579616
3579618	3579622
3579619	843159
3579619	986782
3579620	3579642
3579621	3579648
3579622	3579618
3579624	3579625
3579625	3579624
3579626	2258039
3579627	3579628
3579628	3579627
3579629	3579630
3579630	3579629
3579631	3579632
3579632	3579631
3579633	3579634
3579634	3579633
3579635	3579636
3579636	3579635
3579637	3579638
3579638	3579637
3579639	3579640
3579640	3579639
3579641	3579643
3579642	3579620
3579643	3579641
3579644	3579645
3579645	3579644
3579646	3579647
3579647	3579646
3579648	3579621
3579649	609698
