3739701	3634863
3739702	2160873
3739702	2638774
3739703	3739704
3739704	3739703
3739705	695166
3739706	3739707
3739707	3739706
3739708	44759
3739709	3739710
3739710	3739709
3739711	3724455
3739712	3722032
3739713	3739714
3739714	3739713
3739715	3739717
3739716	272280
3739717	3739715
3739718	268554
3739719	3739720
3739720	3739719
3739721	3739722
3739722	3739721
3739723	3734053
3739724	3739727
3739725	3199929
3739726	1858745
3739727	3739724
3739728	3739729
3739728	3739732
3739729	3739728
3739730	288385
3739730	1749104
3739731	2542712
3739732	3739728
3739733	2548374
3739734	3207295
3739735	3739736
3739736	3739735
3739737	2503070
3739738	3726613
3739739	2957141
3739740	3739741
3739741	3739740
3739742	3739743
3739743	3739742
3739744	3739745
3739745	3739744
3739746	3739747
3739747	3739746
3739748	3739749
3739749	3739748
3739750	3739751
3739751	3739750
3739752	2354590
3739753	1475620
3739754	1211857
3739755	3739757
3739756	2756025
3739756	3741549
3739757	3739755
3739758	3739759
3739759	3739758
3739760	3739761
3739761	3739760
3739762	3739764
3739763	2969151
3739764	3739762
3739765	3739766
3739766	3739765
3739767	1162826
3739768	3739769
3739769	3739768
3739770	3739771
3739771	3739770
3739772	3739773
3739773	3739772
3739774	3739775
3739775	3739774
3739776	3739777
3739777	3739776
3739778	3739779
3739779	3739778
3739780	3739781
3739781	3739780
3739782	3739783
3739783	3739782
3739784	3739785
3739785	3739784
3739786	769422
3739786	3741548
3739787	3741545
3739788	1818771
3739789	2567787
3739790	2567787
3739790	3741544
3739791	2411609
3739792	181927
3739793	1262427
3739794	1742301
3739795	837775
3739796	3741543
3739797	3740039
3739798	1102681
3739799	1024780
3739800	1024780
3739801	18073
3739802	18073
3739803	441344
3739804	441344
3739805	441344
3739806	441344
3739807	18073
3739808	18073
3739809	3718517
3739809	3739844
3739810	403063
3739811	403063
3739812	403063
3739813	403063
3739814	3710325
3739814	3739846
3739815	3739629
3739816	3413213
3739817	3413213
3739818	3739628
3739819	3709584
3739819	3739849
3739819	3740675
3739820	2795633
3739820	2795635
3739820	3739627
3739821	3739621
3739822	3596290
3739822	3739851
3739823	3706394
3739823	3739852
3739824	3739610
3739825	3739608
3739826	3700808
3739826	3739855
3739826	3741542
3739827	3700808
3739827	3739835
3739827	3741541
3739828	3739606
3739829	3739606
3739830	3739604
3739832	3739595
3739833	3739570
3739835	3739827
3739837	3738945
3739838	3739560
3739839	3738946
3739840	3739558
3739841	3738947
3739843	3739556
3739844	3739809
3739845	3739552
3739846	3739814
3739847	252832
3739847	436555
3739848	252832
3739848	436555
3739849	3739819
3739850	3739551
3739851	3739822
3739852	3739823
3739853	2398162
3739854	409433
3739854	656776
3739855	3739826
3739856	409433
3739856	656776
3739858	3738935
3739859	2398103
3739860	3738936
3739861	2398102
3739862	3738937
3739863	1749411
3739864	3738938
3739865	3738939
3739866	3738940
3739868	3738941
3739869	2265793
3739870	2265793
3739871	3738942
3739872	3738943
3739874	3738944
3739875	3738925
3739876	3738927
3739877	3738928
3739878	3738929
3739879	3738930
3739880	3738931
3739881	3738932
3739883	3738933
3739884	3738915
3739886	3738916
3739887	3738917
3739888	608028
3739888	2040355
3739889	608028
3739889	2040355
3739890	3738919
3739891	608028
3739891	2040355
3739893	608028
3739893	2040355
3739894	3738920
3739896	3738921
3739897	3738922
3739898	3738923
3739899	3739900
3739900	3739899
3739901	3738924
3739902	3738905
3739903	3738906
3739905	3738907
3739906	3738909
3739907	1350907
3739908	3738910
3739909	3738911
3739910	3739912
3739911	3738912
3739912	3739910
3739913	3738913
3739915	3738914
3739916	3738895
3739917	404098
3739918	3738896
3739919	404098
3739920	3738899
3739921	3738900
3739923	3738901
3739924	1337759
3739925	1337759
3739926	3738902
3739927	1337759
3739928	3739932
3739929	3738903
3739930	1337759
3739931	3738904
3739932	3739928
3739933	3738886
3739934	3738887
3739935	3738888
3739936	3739937
3739937	3739936
3739939	3738875
3739940	3738876
3739941	3738877
3739942	3739944
3739943	3738878
3739944	3739942
3739945	43211
3739945	464566
3739947	3738879
3739948	3738880
3739949	3738881
3739950	3739951
3739951	3739950
3739952	43211
3739952	464566
3739953	3738882
3739954	3738883
3739956	3738884
3739957	3738865
3739958	954533
3739958	1156571
3739959	954533
3739959	1156571
3739960	3738866
3739961	3738867
3739962	160881
3739963	890420
3739964	3688996
3739965	890420
3739966	763223
3739968	763223
3739969	3739975
3739970	22470
3739971	48085
3739971	57971
3739972	48085
3739972	57971
3739973	57962
3739973	3739976
3739974	57962
3739974	3739976
3739975	3739969
3739976	3739973
3739976	3739974
3739976	3741540
3739977	3725120
3739979	3725120
3739980	3725120
3739981	3739982
3739982	3739981
3739984	3739985
3739985	3739984
3739986	3725120
3739987	3739998
3739987	3740000
3739987	3740002
3739988	2815199
3739989	3725120
3739990	3725120
3739991	3725120
3739992	3465711
3739993	3739995
3739994	2614165
3739995	3739993
3739996	3042563
3739997	1142816
3739998	3739987
3739999	470654
3740000	3739987
3740001	1015945
3740002	3739987
3740003	2727129
3740004	499475
3740005	499475
3740006	2021961
3740007	3469164
3740008	1654189
3740009	3469165
3740010	3740018
3740011	3725120
3740012	3740100
3740012	3741539
3740013	3711789
3740014	354494
3740015	3725120
3740016	2057633
3740017	3725120
3740018	3740010
3740019	2919133
3740020	2922039
3740021	3740036
3740022	2551920
3740023	575106
3740023	1536605
3740023	2630032
3740023	3643974
3740024	1935597
3740025	3446632
3740026	2289284
3740027	2807055
3740028	992098
3740029	1472114
3740030	1569167
3740031	1635927
3740032	1742927
3740033	1317079
3740034	3375539
3740035	2645126
3740036	3740021
3740037	3341609
3740038	3240679
3740039	3739797
3740040	3725523
3740041	2645126
3740042	2645126
3740043	3718523
3740044	2646596
3740044	3658605
3740044	3658606
3740044	3740045
3740044	3740046
3740044	3740047
3740044	3740048
3740044	3740049
3740044	3740064
3740045	2646596
3740045	3658605
3740045	3658606
3740045	3740044
3740045	3740047
3740045	3740048
3740045	3740049
3740046	3740044
3740047	2646596
3740047	3658605
3740047	3658606
3740047	3739574
3740047	3740044
3740047	3740045
3740047	3740048
3740047	3740049
3740047	3740064
3740048	3740044
3740048	3740045
3740048	3740047
3740049	3740044
3740049	3740045
3740049	3740047
3740050	3740051
3740051	3740050
3740053	3515344
3740054	3515340
3740055	3514920
3740056	3513531
3740057	3513447
3740058	3513513
3740059	3512040
3740060	3511227
3740061	3509529
3740063	3509503
3740064	2646596
3740064	3740044
3740064	3740047
3740065	3507576
3740066	3507573
3740067	3507571
3740068	3738868
3740069	2141794
3740070	3507563
3740071	3738869
3740072	3506859
3740073	3738870
3740073	3740076
3740073	3740078
3740073	3740081
3740074	3506857
3740075	3738871
3740076	3740073
3740076	3741424
3740076	3741538
3740077	3506778
3740078	3740073
3740079	3506543
3740080	3738872
3740081	3740073
3740082	3506516
3740083	3504257
3740084	3738874
3740085	3498637
3740086	3738855
3740087	3738874
3740088	3738856
3740089	3496785
3740090	3738874
3740091	3494558
3740092	3738857
3740093	3488451
3740094	3488066
3740095	3486630
3740096	3738858
3740097	3738859
3740098	3481971
3740099	3481439
3740100	3740012
3740101	3478125
3740102	3740508
3740102	3740509
3740103	3738860
3740104	3477798
3740105	3738861
3740107	3476802
3740108	3476733
3740109	3740112
3740109	3741537
3740110	3738862
3740111	3738863
3740112	3740109
3740113	3472402
3740114	3467786
3740115	3738864
3740116	3466099
3740116	3467127
3740117	3738845
3740118	3449428
3740119	3449427
3740120	3738846
3740121	3449420
3740122	3738847
3740123	3449406
3740124	3738848
3740125	3449401
3740126	3738849
3740127	3449393
3740128	3449303
3740128	3608826
3740128	3650303
3740128	3675920
3740129	57963
3740130	3449085
3740131	3738851
3740132	57969
3740133	3449083
3740134	3738852
3740135	3449079
3740136	3738850
3740137	57963
3740138	3738853
3740139	3738854
3740140	3738835
3740141	2606678
3740142	3449026
3740143	3448997
3740144	3738837
3740145	3448983
3740145	3608967
3740146	3738838
3740147	3448981
3740148	3738839
3740149	3738840
3740150	3448901
3740151	914377
3740152	3448888
3740153	3448887
3740154	3448839
3740155	3738841
3740156	3448838
3740157	3738842
3740158	3448837
3740161	3447145
3740163	3738843
3740164	3447093
3740165	3738844
3740166	3447092
3740167	3447088
3740168	3447020
3740169	3447015
3740170	3446914
3740172	3738843
3740174	3446913
3740175	3738843
3740176	3446886
3740177	3738843
3740178	3446884
3740179	3446874
3740181	3446859
3740182	3044779
3740184	3446858
3740185	3446801
3740186	3446779
3740188	3450103
3740189	3444717
3740190	3444696
3740191	3444683
3740192	3444573
3740193	3444569
3740194	3444555
3740195	3444541
3740196	3444539
3740197	3444538
3740198	3444533
3740199	3444532
3740200	1479370
3740201	3444526
3740202	3444490
3740203	31481
3740204	3444489
3740205	433596
3740205	2795113
3740205	2795114
3740206	3444396
3740207	31318
3740208	3444390
3740209	3444407
3740210	3444395
3740210	3609221
3740211	3444384
3740212	3442490
3740213	3442488
3740214	3442485
3740215	3442403
3740216	3442402
3740217	3442404
3740218	3442399
3740218	3644295
3740219	3442395
3740220	3741535
3740221	3442393
3740221	3609779
3740222	3442378
3740223	2238829
3740224	3442377
3740225	2238829
3740226	3442376
3740227	3442375
3740228	2238830
3740229	3442374
3740230	3442366
3740231	2238830
3740232	3442362
3740233	3442320
3740234	3609243
3740235	3442319
3740236	3442318
3740236	3605193
3740236	3609257
3740236	3609353
3740237	3609243
3740238	3442304
3740239	3442302
3740240	3442297
3740241	3442291
3740242	3442263
3740243	243648
3740244	3442253
3740245	243648
3740246	3442252
3740247	243648
3740248	3442248
3740249	3442238
3740250	3442237
3740251	250354
3740252	250354
3740253	3442202
3740254	250354
3740255	670503
3740256	3442201
3740257	450078
3740258	3442192
3740259	272103
3740260	272103
3740261	272103
3740262	3442180
3740263	3442173
3740264	3442156
3740264	3609832
3740265	30493
3740266	3442148
3740267	3442147
3740268	3442146
3740268	3610895
3740269	3442138
3740270	3608967
3740271	3442116
3740272	2270631
3740273	2270631
3740274	3439760
3740274	3609841
3740275	2270631
3740276	3439759
3740277	3439758
3740278	3439754
3740279	3439751
3740280	3439735
3740281	3439732
3740282	3439731
3740283	3439730
3740284	3439720
3740285	3439716
3740286	904332
3740287	31566
3740288	267129
3740289	2898097
3740290	2856121
3740291	2856121
3740292	2655088
3740293	2562661
3740294	2546412
3740295	2546412
3740296	2546414
3740297	2546415
3740298	383006
3740298	383016
3740298	533537
3740298	743793
3740298	743795
3740298	859176
3740298	1132413
3740299	62604
3740300	519311
3740301	31683
3740301	1214828
3740303	572439
3740304	73428
3740305	2202602
3740305	2673356
3740305	2789835
3740308	72701
3740309	3728780
3740310	3728780
3740313	73353
3740314	3740722
3740314	3740724
3740314	3740725
3740314	3740734
3740315	954604
3740316	3006406
3740317	3740319
3740317	3741534
3740318	2736219
3740319	3740317
3740320	797691
3740321	3740719
3740321	3740720
3740321	3741079
3740322	3740714
3740322	3740718
3740323	2548169
3740325	72340
3740326	2548355
3740327	3740711
3740327	3740712
3740328	3740709
3740328	3740710
3740330	3740706
3740330	3740708
3740331	3740704
3740331	3740705
3740332	72293
3740335	3724911
3740338	3740701
3740338	3740702
3740338	3741119
3740338	3741121
3740339	3740699
3740339	3740700
3740340	241532
3740341	3740901
3740342	2136090
3740343	40144
3740344	434284
3740345	252434
3740346	398977
3740347	71832
3740348	71832
3740349	332138
3740350	687364
3740351	676501
3740352	2177017
3740353	323179
3740355	2543697
3740356	1016693
3740357	3740358
3740357	3740359
3740357	3740361
3740358	3740357
3740359	3740357
3740360	325025
3740361	3740357
3740362	1531230
3740363	272720
3740364	26703
3740365	2606349
3740365	2606350
3740365	2606352
3740365	2606371
3740366	67560
3740367	67560
3740368	322380
3740369	3740370
3740370	3740369
3740371	64965
3740372	3740900
3740373	3740899
3740374	328902
3740375	40768
3740376	3740898
3740378	27762
3740379	3374790
3740381	3740382
3740381	3740384
3740382	3740381
3740383	3740897
3740384	3740381
3740385	260281
3740386	333156
3740387	71870
3740388	68869
3740389	68869
3740390	60481
3740391	257616
3740392	26886
3740393	2645486
3740394	2957636
3740395	3308306
3740395	3740396
3740395	3740398
3740396	3740395
3740396	3740664
3740396	3741067
3740397	2765374
3740398	3308306
3740398	3740395
3740399	2282021
3740400	2282021
3740401	162181
3740401	3740530
3740401	3741065
3740402	2401190
3740402	3740403
3740403	3740402
3740404	3740405
3740404	3740424
3740404	3741063
3740404	3741182
3740405	3740404
3740406	3740407
3740406	3740425
3740406	3741180
3740407	3740406
3740408	349064
3740409	349064
3740410	3632663
3740410	3740413
3740410	3740416
3740410	3740417
3740410	3741061
3740410	3741107
3740410	3741387
3740411	779886
3740412	24897
3740413	3632663
3740413	3740410
3740414	3741232
3740415	254963
3740416	3740410
3740417	3740410
3740418	550246
3740419	550248
3740420	550248
3740421	1016693
3740422	1016693
3740423	1016693
3740424	3740404
3740425	3740406
3740426	1242282
3740427	96349
3740427	307355
3740427	3266019
3740427	3266020
3740428	3720206
3740429	3720011
3740430	3719396
3740431	3719391
3740432	297511
3740433	3719368
3740434	3719079
3740435	3719059
3740436	3719057
3740437	3717283
3740438	3717283
3740439	3193404
3740440	2259894
3740441	3717726
3740442	2259894
3740443	679901
3740444	3714572
3740445	3717284
3740446	3717286
3740447	1313109
3740448	3717287
3740449	3717288
3740450	3717288
3740451	3076182
3740452	632574
3740453	3717275
3740454	542378
3740455	3714567
3740456	1960577
3740457	3714429
3740458	1464754
3740459	3714429
3740460	3714570
3740461	1214701
3740462	3714418
3740463	319015
3740463	357244
3740463	357332
3740463	692184
3740463	741921
3740463	741925
3740463	742427
3740463	742437
3740463	777860
3740463	812653
3740463	1189929
3740463	1201355
3740463	1424274
3740463	1972793
3740463	1972794
3740463	2616153
3740463	3667271
3740464	3712210
3740465	324886
3740466	324886
3740467	1288764
3740468	1288764
3740469	2980817
3740470	445247
3740471	2999652
3740472	2706211
3740473	1056673
3740474	3664141
3740475	3692835
3740476	1982834
3740477	2665335
3740478	3112008
3740479	283347
3740480	1652030
3740481	1652030
3740482	3444896
3740483	2570225
3740484	1140987
3740485	2648253
3740486	72010
3740487	2648255
3740488	2648257
3740489	3740490
3740489	3740491
3740490	3740489
3740490	3740491
3740491	3740489
3740491	3740490
3740492	100236
3740493	248447
3740493	447087
3740493	448389
3740493	449039
3740493	457834
3740493	529616
3740493	566080
3740493	763985
3740493	826818
3740493	1410199
3740493	1412342
3740493	1576642
3740493	1578541
3740493	1800167
3740493	1800169
3740493	3153246
3740493	3153248
3740494	3740495
3740494	3740496
3740495	3740494
3740495	3740496
3740496	3740494
3740496	3740495
3740497	2648025
3740497	3149781
3740497	3149782
3740497	3149783
3740497	3237626
3740497	3532465
3740498	1027998
3740498	1439623
3740498	1717743
3740498	2490282
3740498	2490320
3740499	3740500
3740500	3740499
3740501	3692835
3740502	3740503
3740502	3740504
3740503	3740502
3740503	3740504
3740504	3740502
3740504	3740503
3740505	2874243
3740506	422744
3740506	3740507
3740507	422744
3740507	3740506
3740508	3740102
3740509	3740102
3740510	3740511
3740510	3740512
3740511	3740510
3740511	3740512
3740512	3740510
3740512	3740511
3740513	992223
3740514	3740515
3740514	3740516
3740515	3740514
3740515	3740516
3740516	3740514
3740516	3740515
3740517	3740518
3740518	3740517
3740519	3740520
3740520	3740519
3740521	3414963
3740522	3740523
3740522	3740525
3740522	3740526
3740522	3740527
3740523	3740522
3740523	3740525
3740523	3740526
3740523	3740527
3740524	1821115
3740525	3740522
3740525	3740523
3740525	3740526
3740525	3740527
3740526	3740522
3740526	3740523
3740526	3740525
3740526	3740527
3740527	3740522
3740527	3740523
3740527	3740525
3740527	3740526
3740528	3652744
3740529	3589190
3740529	3589215
3740530	3740401
3740531	3740533
3740532	1067659
3740533	3740531
3740534	3738815
3740535	1060214
3740535	3740537
3740536	3738816
3740537	3740535
3740538	3738817
3740539	3738818
3740540	3738819
3740541	1609442
3740542	3196642
3740542	3740543
3740543	3196642
3740543	3740542
3740544	3738820
3740545	1704549
3740545	3740547
3740546	2993510
3740547	1704549
3740547	3740545
3740548	979420
3740548	983009
3740549	1307425
3740550	1024987
3740551	3738805
3740552	3738806
3740553	3738807
3740554	1126628
3740555	3738808
3740555	3741030
3740556	3324302
3740557	3738809
3740558	3738810
3740558	3741029
3740558	3741102
3740559	3738811
3740559	3741027
3740560	3738812
3740560	3741035
3740560	3741099
3740561	3738813
3740561	3741034
3740561	3741100
3740562	302025
3740563	3738814
3740563	3741024
3740564	3738795
3740564	3741021
3740565	3738796
3740565	3741019
3740566	508609
3740567	3738797
3740567	3741015
3740568	3738798
3740569	3738799
3740570	3178400
3740571	3142548
3740572	3738801
3740573	3738802
3740574	2218024
3740575	2218024
3740576	3740578
3740576	3740579
3740577	3738803
3740578	3740576
3740578	3740579
3740579	3740576
3740579	3740578
3740580	3740582
3740580	3740583
3740581	1092359
3740582	3740580
3740582	3740583
3740583	3740580
3740583	3740582
3740584	3731520
3740585	1493413
3740586	3740587
3740586	3740588
3740587	3740586
3740587	3740588
3740588	3740586
3740588	3740587
3740589	2530478
3740590	1038768
3740590	1039471
3740591	2884560
3740592	2884560
3740593	3740594
3740593	3740595
3740593	3740596
3740594	3740593
3740594	3740595
3740594	3740596
3740595	3740593
3740595	3740594
3740595	3740596
3740596	3740593
3740596	3740594
3740596	3740595
3740598	2275803
3740599	2259
3740602	1642522
3740603	3740896
3740604	3740895
3740606	3237355
3740607	3741666
3740608	3237360
3740609	3740696
3740609	3740698
3740610	3237361
3740612	3237362
3740613	242896
3740614	3740693
3740614	3740694
3740614	3741661
3740615	3741665
3740616	3327917
3740617	3567040
3740619	3682589
3740620	3479285
3740621	2718494
3740622	3657210
3740623	3378372
3740624	715750
3740624	3741660
3740627	3740889
3740628	3740888
3740629	3740769
3740629	3741115
3740629	3741116
3740630	3740767
3740631	3740881
3740632	1494825
3740633	3740690
3740633	3740691
3740633	3740762
3740634	3740761
3740635	3738825
3740635	3740758
3740635	3740759
3740637	3738826
3740637	3740757
3740638	3738827
3740638	3740756
3740639	3740687
3740639	3740688
3740639	3740755
3740639	3741658
3740640	3433651
3740641	3740685
3740641	3740686
3740641	3740754
3740642	3738828
3740642	3740744
3740643	3738829
3740644	3740683
3740644	3740684
3740644	3740745
3740644	3740746
3740644	3740748
3740644	3740749
3740645	3738830
3740645	3740741
3740645	3740742
3740646	3740750
3740647	3738831
3740647	3740740
3740648	2977933
3740649	3738832
3740649	3740751
3740650	3738834
3740650	3740738
3740651	2192031
3740651	3741058
3740652	2192031
3740652	3741057
3740653	1024998
3740654	3738775
3740654	3740737
3740655	3738776
3740655	3740735
3740656	3636357
3740657	3396757
3740658	1201223
3740658	3741054
3740659	3741211
3740659	3741212
3740659	3741213
3740659	3741214
3740660	3740665
3740662	3741053
3740663	2546918
3740664	3740396
3740665	3740660
3740666	2644946
3740666	2993927
3740666	3010255
3740667	2236139
3740668	2273545
3740669	2236139
3740670	3495038
3740671	268174
3740672	268174
3740673	2236818
3740674	1129036
3740675	3709584
3740675	3739819
3740676	3056374
3740677	2956901
3740678	3741633
3740679	2956901
3740680	3663249
3740681	2815715
3740682	2266135
3740683	3740644
3740683	3741052
3740684	3740644
3740685	3740641
3740685	3741051
3740685	3741370
3740685	3741530
3740686	3740641
3740687	3740639
3740687	3741050
3740687	3741371
3740688	3740639
3740689	977150
3740690	3740633
3740690	3741049
3740690	3741369
3740691	3740633
3740692	3411058
3740693	3740614
3740693	3741048
3740693	3741640
3740694	3740614
3740696	3740609
3740698	3740609
3740699	3740339
3740699	3741047
3740700	3740339
3740701	3740338
3740701	3741045
3740702	3740338
3740704	3740331
3740704	3741044
3740704	3741260
3740705	3740331
3740706	3740330
3740706	3741043
3740707	977151
3740708	3740330
3740709	3740328
3740709	3741041
3740709	3741259
3740709	3741528
3740710	3740328
3740711	2245947
3740711	3740327
3740711	3741040
3740711	3741364
3740712	3740327
3740713	977165
3740714	3740322
3740714	3741039
3740714	3741256
3740716	3303702
3740717	687782
3740717	687783
3740717	784574
3740717	897689
3740717	977078
3740717	977166
3740717	977348
3740717	977349
3740717	1152914
3740717	1152920
3740717	1670331
3740717	2066499
3740717	2561446
3740718	3740322
3740719	3740321
3740720	3740321
3740720	3741036
3740720	3741042
3740720	3741073
3740720	3741074
3740720	3741076
3740721	977198
3740722	3740314
3740722	3741033
3740722	3741255
3740723	434600
3740723	434601
3740723	494827
3740724	3740314
3740725	3740314
3740726	977200
3740727	2549306
3740727	2758866
3740728	3734220
3740730	977208
3740731	2216796
3740732	3740923
3740733	3740736
3740734	3740314
3740735	3740655
3740736	3740733
3740737	3740654
3740738	3740650
3740739	22903
3740740	3740647
3740741	3740645
3740742	3740645
3740743	1025015
3740744	3740642
3740745	3740644
3740746	3740644
3740747	3739169
3740748	3740644
3740749	3740644
3740750	3740646
3740751	3740649
3740752	2406320
3740753	754184
3740754	3740641
3740755	3740639
3740756	3740638
3740757	3740637
3740758	3740635
3740759	3740635
3740760	677091
3740761	3740634
3740762	3740633
3740763	677094
3740764	677098
3740765	344450
3740766	677099
3740767	3740630
3740768	3731314
3740769	3740629
3740770	677101
3740771	677102
3740772	677104
3740773	1956516
3740774	677105
3740776	2912480
3740777	677109
3740778	1036153
3740779	46899
3740780	46899
3740781	46899
3740782	2867382
3740783	2867382
3740784	2867382
3740785	2867382
3740786	2867382
3740787	2867382
3740788	65898
3740789	65898
3740790	65898
3740791	326411
3740792	2024825
3740793	2024825
3740794	799233
3740795	3153328
3740836	3740838
3740837	3738918
3740838	3740836
3740839	2548988
3740841	1028532
3740841	1307472
3740841	1307732
3740843	1468183
3740844	1028548
3740845	1028536
3740846	1093461
3740847	2549608
3740848	855247
3740849	1028549
3740850	1028539
3740851	1093462
3740852	3406526
3740853	3406526
3740854	3575231
3740855	1093462
3740856	3575231
3740857	3575231
3740858	1028545
3740859	1028534
3740859	1142853
3740860	1028544
3740861	1028551
3740861	1490907
3740862	1028541
3740862	1802433
3740863	2985721
3740864	1028540
3740866	1028540
3740867	1028540
3740868	2516386
3740868	2516389
3740869	2510765
3740869	2514603
3740870	2510766
3740871	2373195
3740872	2648025
3740873	2654890
3740873	2655088
3740873	3497225
3740873	3497226
3740873	3497227
3740873	3497228
3740874	3740875
3740875	3740874
3740876	3719830
3740877	258396
3740878	261906
3740879	321870
3740880	321870
3740881	3740631
3740882	452275
3740883	63119
3740884	773390
3740885	773390
3740886	3719126
3740887	3719126
3740888	3740628
3740889	3740627
3740890	958792
3740891	3579732
3740892	387408
3740893	387408
3740894	3189153
3740895	3740604
3740896	3740603
3740897	3740383
3740898	3740376
3740899	3740373
3740900	3740372
3740901	3740341
3740902	387408
3740903	495521
3740903	664080
3740903	665350
3740903	1286846
3740904	3738934
3740905	3738926
3740906	3738908
3740907	3738898
3740908	3738897
3740909	3738894
3740910	388762
3740911	358598
3740912	2644946
3740913	376611
3740914	3738890
3740915	3738890
3740916	349064
3740917	3391251
3740918	3738788
3740919	255092
3740919	453150
3740919	669021
3740919	826104
3740919	1050090
3740919	3741567
3740920	1860
3740921	884468
3740922	1847793
3740923	3740732
3740924	3738788
3740925	3738788
3740926	257735
3740927	257735
3740928	3738788
3740929	2869137
3740930	392210
3740931	2507115
3740932	55399
3740933	55509
3740934	55738
3740935	2212261
3740935	2212262
3740936	55783
3740937	1396455
3740937	1404006
3740937	1862607
3740937	1911193
3740938	55799
3740939	1435124
3740939	3089448
3740940	61614
3740941	547389
3740942	1868243
3740942	2062573
3740942	3389591
3740943	3710458
3740944	1898099
3740945	3710459
3740946	2307594
3740947	2507618
3740948	261403
3740948	347997
3740948	348007
3740948	466450
3740948	1972082
3740949	2507618
3740950	1761849
3740951	1761849
3740952	1761849
3740953	2001576
3740954	1886187
3740954	2001578
3740954	2687860
3740955	28006
3740955	383497
3740955	462064
3740955	1261762
3740955	1845996
3740955	2009008
3740955	2757161
3740956	3708191
3740957	1886212
3740957	1998700
3740957	1998701
3740957	2015586
3740957	3236531
3740958	1886207
3740958	1998702
3740958	1998705
3740958	2015589
3740958	3319806
3740958	3663141
3740959	1886789
3740959	2022939
3740959	3495885
3740960	1886210
3740960	2022981
3740961	2097302
3740962	397978
3740962	3365515
3740962	3740970
3740962	3740971
3740962	3740972
3740962	3740973
3740963	2663554
3740964	3184884
3740965	1855349
3740966	1795942
3740966	3740967
3740966	3740968
3740966	3740969
3740967	3740966
3740968	3740966
3740969	3740966
3740970	3740962
3740971	3740962
3740972	3740962
3740973	397978
3740973	3740962
3740974	2958544
3740974	3740975
3740974	3740976
3740974	3740977
3740974	3740978
3740975	3740974
3740976	3740974
3740977	3740974
3740978	3740974
3740979	3405509
3740979	3740980
3740979	3740983
3740979	3740985
3740980	3740979
3740980	3741031
3740980	3741363
3740981	3730554
3740982	3730554
3740983	3740979
3740984	3730554
3740984	3740986
3740984	3740987
3740984	3740988
3740985	3740979
3740986	3740984
3740987	3740984
3740988	3740984
3740989	326482
3740990	326482
3740991	326482
3740992	326482
3740993	326482
3740994	326482
3740995	1025581
3740996	121949
3740997	1206796
3740997	1207980
3740998	1122253
3740999	2840874
3741000	11321
3741000	59824
3741000	678495
3741001	481057
3741002	481057
3741003	921173
3741004	921172
3741005	18965
3741006	18965
3741007	3720568
3741007	3741108
3741008	3613301
3741008	3741111
3741008	3741112
3741009	3613301
3741010	3613299
3741011	3613299
3741011	3741110
3741012	3613300
3741013	312850
3741014	312850
3741015	3740567
3741016	1358603
3741016	3741038
3741017	1059312
3741018	3738821
3741019	3740565
3741020	1318120
3741021	3740564
3741022	2163843
3741023	1686980
3741024	3740563
3741025	127534
3741025	3741374
3741026	2470731
3741027	3740559
3741028	376412
3741028	3741037
3741028	3741377
3741029	3740558
3741030	3740555
3741031	3740980
3741032	3563951
3741033	3740722
3741034	3740561
3741035	3740560
3741036	3740720
3741037	3741028
3741038	3741016
3741039	3740714
3741040	3740711
3741041	3740709
3741042	3740720
3741043	3740706
3741044	3740704
3741045	3740701
3741046	2959929
3741046	3741055
3741046	3741056
3741047	3740699
3741048	3740693
3741049	3740690
3741050	3740687
3741051	3740685
3741052	3740683
3741053	3740662
3741054	3740658
3741055	3741046
3741056	3741046
3741057	3740652
3741058	3740651
3741059	966921
3741060	966921
3741061	3740410
3741062	1818298
3741063	3740404
3741064	1818298
3741065	3740401
3741066	48143
3741067	3740396
3741068	2238970
3741069	2238970
3741070	2247619
3741071	3741253
3741072	3741245
3741073	3740720
3741074	3740720
3741076	3740720
3741077	3741359
3741078	3741526
3741079	3740321
3741079	3741523
3741082	312788
3741084	312788
3741085	3685800
3741086	3685800
3741087	3685800
3741088	3685800
3741089	3685800
3741090	2240395
3741091	2240395
3741092	2240395
3741093	3431898
3741093	3741104
3741093	3741106
3741094	256181
3741094	824349
3741094	1714140
3741094	2362718
3741094	3431898
3741094	3741096
3741094	3741097
3741094	3741098
3741095	2934774
3741096	1714140
3741096	3741094
3741096	3741238
3741097	1714140
3741097	3741094
3741098	1714140
3741098	3741094
3741099	3740560
3741100	3740561
3741100	3741101
3741101	3741100
3741102	3740558
3741104	3741093
3741106	3741093
3741107	3740410
3741107	3741368
3741108	3741007
3741109	3067511
3741110	3741011
3741111	3741008
3741112	3741008
3741113	2869137
3741114	3335266
3741115	3740629
3741116	3740629
3741117	3714418
3741118	3714429
3741119	3740338
3741120	805959
3741120	3741123
3741121	3740338
3741122	2654810
3741122	3741124
3741122	3741125
3741122	3741126
3741122	3741134
3741123	3741120
3741123	3741128
3741123	3741236
3741124	3741122
3741125	3741122
3741126	3741122
3741126	3741134
3741127	3584620
3741128	3741123
3741129	1909576
3741130	1780698
3741131	2455479
3741132	3075684
3741133	281591
3741134	2654810
3741134	3741122
3741134	3741126
3741135	3438144
3741135	3741142
3741135	3741144
3741135	3741145
3741135	3741146
3741136	1780698
3741137	520548
3741138	240985
3741139	1780698
3741139	3741354
3741140	1780698
3741141	3700470
3741141	3741148
3741141	3741150
3741142	3438144
3741142	3741135
3741142	3741638
3741143	887593
3741144	3741135
3741145	3741135
3741146	3741135
3741147	1891184
3741148	3741141
3741149	3271819
3741150	3741141
3741151	2064928
3741152	2775992
3741153	1024040
3741154	1732910
3741155	2668041
3741156	3717284
3741157	39641
3741158	3717286
3741159	2161496
3741160	3717287
3741161	1390144
3741162	3717288
3741163	3717288
3741164	3714570
3741165	1390144
3741165	3741171
3741165	3741173
3741165	3741174
3741165	3741175
3741165	3741177
3741165	3741365
3741165	3741366
3741166	2937000
3741167	3583632
3741168	2533501
3741169	2533501
3741170	1778002
3741171	3741165
3741171	3741234
3741171	3741520
3741171	3741637
3741172	2730571
3741173	3741165
3741174	3741165
3741175	3741165
3741176	3714416
3741177	3741165
3741178	3712210
3741179	2676676
3741180	3740406
3741181	912402
3741182	3740404
3741183	3345908
3741184	2410056
3741184	3741191
3741184	3741193
3741185	1724516
3741186	39641
3741187	39641
3741188	3720206
3741189	3670289
3741190	928703
3741190	1983135
3741191	3741184
3741191	3741193
3741191	3741196
3741191	3741341
3741191	3741519
3741191	3741585
3741192	1890709
3741192	1892154
3741192	2667787
3741192	3741195
3741193	3741184
3741193	3741191
3741193	3741196
3741194	3741417
3741195	1890709
3741195	2667787
3741195	3741192
3741196	3741191
3741196	3741193
3741197	1766710
3741197	1770940
3741197	2526187
3741197	2526188
3741197	3407012
3741197	3407013
3741198	2027217
3741199	3422101
3741200	3422075
3741201	3216841
3741202	3720303
3741203	2695430
3741204	3456803
3741205	3720173
3741206	841549
3741206	863252
3741206	1454606
3741206	1499607
3741206	2854531
3741207	3720207
3741208	3720208
3741209	3422138
3741210	1200344
3741211	3740659
3741212	3740659
3741213	3740659
3741214	3740659
3741215	3365205
3741215	3741361
3741216	1429457
3741216	1429458
3741216	1429459
3741216	1429471
3741216	2940034
3741216	3708505
3741217	3422238
3741218	3365205
3741219	3422223
3741220	3196565
3741221	2306933
3741222	3422211
3741223	3422211
3741224	3354323
3741224	3741360
3741225	3422203
3741226	1587940
3741227	3422211
3741228	3422211
3741229	2664456
3741230	1615701
3741231	3436260
3741232	3740414
3741233	2126817
3741234	3741171
3741235	3369044
3741236	3741123
3741237	3069884
3741238	3741096
3741239	3324139
3741240	3324141
3741241	3518392
3741242	3324142
3741243	2107360
3741244	3731297
3741245	3741072
3741246	59180
3741246	68363
3741246	368773
3741246	534149
3741246	736785
3741246	3098020
3741246	3635378
3741247	2230333
3741248	3687778
3741249	2245290
3741250	3436271
3741251	2258423
3741252	1898273
3741253	3741071
3741254	64077
3741255	3740722
3741256	3740714
3741257	3058373
3741258	819893
3741259	3740709
3741259	3741261
3741260	3740704
3741261	3741259
3741262	3400327
3741263	3217926
3741264	3001789
3741265	3089432
3741266	269705
3741267	3363410
3741268	2977196
3741269	2676056
3741269	3741355
3741269	3741356
3741270	2676056
3741271	2821594
3741272	3352449
3741273	40370
3741274	479178
3741275	2564549
3741276	2821594
3741277	3092966
3741277	3096698
3741278	1027099
3741279	2891612
3741280	2701198
3741282	2542024
3741283	3718524
3741284	2196588
3741285	1995384
3741285	3331849
3741285	3331850
3741285	3401988
3741285	3741286
3741285	3741298
3741285	3741299
3741286	3331849
3741286	3741285
3741287	2172034
3741288	275519
3741289	3718523
3741290	2159663
3741290	2159667
3741291	2803068
3741291	2803069
3741291	2803225
3741291	2803226
3741291	2803227
3741292	506447
3741293	1768202
3741293	3741516
3741294	2112173
3741295	1315752
3741296	251074
3741297	55399
3741298	3741285
3741299	3741285
3741300	3719059
3741301	3719126
3741302	3719057
3741303	3717275
3741304	319071
3741305	3714572
3741306	3714424
3741307	251074
3741307	1819929
3741307	3020222
3741308	2248742
3741309	2248742
3741310	3714412
3741311	3718522
3741312	3718522
3741313	3601340
3741313	3741329
3741314	3685878
3741315	3601341
3741316	3013902
3741316	3741327
3741317	3013902
3741317	3016725
3741317	3741326
3741318	3013902
3741318	3741327
3741319	2270374
3741320	3013902
3741320	3016725
3741320	3741326
3741321	3676537
3741322	1358381
3741324	1358381
3741326	3013902
3741326	3016494
3741326	3016725
3741326	3537567
3741326	3741317
3741326	3741320
3741327	3013902
3741327	3537567
3741327	3741316
3741327	3741318
3741328	2889709
3741329	3741313
3741329	3741336
3741329	3741514
3741329	3741546
3741329	3741547
3741330	254341
3741331	254341
3741332	3741333
3741332	3741378
3741332	3741379
3741333	3741332
3741333	3741338
3741333	3741339
3741333	3741376
3741333	3741513
3741333	3741631
3741335	3457177
3741335	3458441
3741336	3601340
3741336	3741329
3741337	3719753
3741337	3741668
3741338	3741333
3741339	3741333
3741340	2261227
3741341	3741191
3741343	26208
3741344	2565531
3741345	3419796
3741346	3729591
3741347	3718519
3741348	2726289
3741349	1887824
3741350	3718517
3741351	1074563
3741352	1074563
3741353	3718517
3741354	3741139
3741355	3741269
3741356	3741269
3741357	3718517
3741358	3741375
3741358	3741388
3741358	3741390
3741358	3741391
3741358	3741464
3741358	3741667
3741359	3741077
3741360	3741224
3741361	3741215
3741363	3740980
3741364	3740711
3741365	3741165
3741366	3741165
3741367	3718512
3741368	3741107
3741369	3740690
3741370	3740685
3741371	3740687
3741372	3741382
3741372	3741384
3741372	3741428
3741372	3741429
3741372	3741475
3741373	3718511
3741374	3741025
3741375	3741358
3741376	3741333
3741377	3741028
3741378	3741332
3741379	3741332
3741380	3719785
3741381	3718387
3741381	3718399
3741382	3741372
3741383	3728179
3741384	3741372
3741385	3730394
3741386	2261894
3741387	3740410
3741388	3741358
3741389	3732138
3741390	3741358
3741390	3741391
3741391	3741358
3741391	3741390
3741392	3732139
3741393	3732141
3741394	3732140
3741395	3732142
3741396	3732139
3741397	3732144
3741398	3732145
3741399	3732146
3741400	3732148
3741401	3718508
3741402	3732152
3741403	3732153
3741404	3732155
3741405	3732156
3741406	3718507
3741407	3732157
3741408	3732158
3741409	3732159
3741410	3732160
3741411	3732161
3741412	3732163
3741413	3732164
3741414	3732167
3741415	3732166
3741416	3732169
3741417	3741194
3741418	3732170
3741419	3732173
3741420	3732174
3741421	3732174
3741422	3732175
3741423	3732176
3741424	3740076
3741425	3732177
3741426	3732178
3741427	3717962
3741427	3741434
3741428	3741372
3741428	3741512
3741429	3741372
3741429	3741508
3741429	3741636
3741430	3732179
3741431	3732180
3741432	3717942
3741433	3732181
3741434	3741427
3741435	3732182
3741436	3732183
3741437	3732184
3741438	3732185
3741439	3717901
3741440	3732186
3741441	3732187
3741442	3732188
3741443	3717900
3741443	3741447
3741444	3717900
3741444	3741447
3741445	3717900
3741446	3717900
3741447	3741443
3741447	3741444
3741448	3732189
3741449	3732190
3741450	3732190
3741451	3732191
3741452	3732192
3741453	3732193
3741453	3741454
3741454	3732193
3741454	3741453
3741455	3732194
3741456	3732195
3741457	3732196
3741458	3732193
3741459	3732197
3741460	3286476
3741461	3732198
3741462	3732199
3741463	3732200
3741464	3741358
3741464	3741506
3741465	3732201
3741466	3732202
3741467	3732203
3741468	3732201
3741469	3732204
3741470	3732204
3741471	3732205
3741472	3732205
3741473	3732206
3741474	3732207
3741475	3741372
3741476	3732208
3741477	3732209
3741478	3732210
3741479	986
3741480	3732211
3741481	3732212
3741482	2836058
3741483	3732213
3741484	3732214
3741485	3221530
3741486	3732215
3741487	3732216
3741488	3732217
3741489	3732218
3741490	3732219
3741491	3732220
3741492	1791084
3741493	3732223
3741494	3732224
3741495	2621317
3741496	3732225
3741497	3732226
3741498	3732227
3741499	1828419
3741500	3732228
3741501	3732228
3741502	2150703
3741503	2150711
3741504	3732229
3741505	3732230
3741506	3741464
3741507	3732232
3741508	3741429
3741509	3732233
3741510	3716293
3741511	3359423
3741512	3741428
3741513	3741333
3741514	3741329
3741515	3732234
3741516	3741293
3741517	3732235
3741518	3732236
3741519	3741191
3741520	3741171
3741521	3732236
3741522	3732237
3741523	3741079
3741524	3732238
3741525	3732239
3741526	3741078
3741527	3732240
3741528	3740709
3741529	3732241
3741530	3740685
3741531	3732242
3741532	2439995
3741533	3732243
3741534	3740317
3741535	3740220
3741536	1159200
3741537	3740109
3741538	3740076
3741539	3740012
3741540	3739976
3741541	3739827
3741542	3739826
3741543	3739796
3741544	3739790
3741545	3739787
3741546	3741329
3741546	3741547
3741547	3741329
3741547	3741546
3741548	3739786
3741549	3739756
3741550	3739658
3741551	3739655
3741552	3739646
3741553	3739571
3741554	3739267
3741555	3739220
3741556	3739127
3741557	3738947
3741558	3738946
3741559	3738945
3741560	3738944
3741561	3738943
3741562	3738942
3741563	111806
3741563	291872
3741563	335074
3741563	335093
3741563	1292324
3741563	1825022
3741563	1996391
3741564	3738932
3741565	3738931
3741566	3738930
3741567	159428
3741567	255092
3741567	367280
3741567	427382
3741567	550811
3741567	669021
3741567	3740919
3741568	3738929
3741569	3738928
3741570	3738927
3741571	2519144
3741572	2048920
3741573	3738926
3741574	3738925
3741575	3738924
3741576	3738923
3741577	3738912
3741578	3738911
3741579	1089463
3741579	1089464
3741579	2713454
3741579	2980561
3741579	3077609
3741579	3077619
3741579	3079139
3741579	3083060
3741579	3083062
3741580	2406654
3741581	3738910
3741582	3738909
3741583	2374812
3741584	3738908
3741585	3741191
3741586	1724520
3741587	3738907
3741588	3738906
3741589	3738905
3741590	3738904
3741591	3738903
3741592	954645
3741593	3738918
3741594	3720011
3741595	2548988
3741596	1028532
3741597	1028532
3741598	2273283
3741599	1028548
3741600	1028536
3741601	1028536
3741602	1093461
3741603	1028549
3741604	1028539
3741605	1028539
3741606	3674108
3741607	1028540
3741608	1028540
3741609	1028540
3741610	1093462
3741611	1028545
3741612	1028545
3741613	1028545
3741614	1028534
3741615	1028534
3741616	1028540
3741617	1028541
3741618	1028541
3741619	1028541
3741620	1028541
3741621	1028539
3741622	1028544
3741623	1028544
3741624	1028551
3741625	1028545
3741626	1028551
3741627	2374786
3741628	3709584
3741629	2548815
3741630	2548815
3741631	3741333
3741632	1604910
3741633	3740678
3741634	252334
3741635	2235847
3741636	3741429
3741637	3741171
3741638	3741142
3741639	252910
3741640	3740693
3741641	281261
3741641	3437723
3741642	2644254
3741642	3081124
3741643	2644254
3741643	3081124
3741644	459174
3741645	3738922
3741646	2425912
3741647	2425899
3741648	2141967
3741649	2141875
3741650	3718354
3741651	3741652
3741651	3741654
3741652	3741651
3741653	3741655
3741653	3741656
3741654	3741651
3741655	3741653
3741656	3741653
3741658	3740639
3741660	3740624
3741661	3740614
3741665	3740615
3741666	3740607
3741667	3741358
3741668	3741337
