4569303	885704
4569305	2203845
4569306	2645218
4569307	2203846
4569308	3137742
4569308	4570953
4569309	2203846
4569312	2203852
4569314	4570753
4569314	4570957
4569318	2203859
4569319	2203859
4569320	1334506
4569321	2203859
4569322	1058180
4569323	2203860
4569324	2203860
4569325	2203860
4569326	2203862
4569327	2203862
4569328	2203862
4569329	1078143
4569330	1109942
4569331	2281750
4569332	3955436
4569333	3593818
4569333	3859344
4569334	1112428
4569335	2281750
4569336	3955439
4569338	4494053
4569339	4569636
4569339	4569638
4569339	4569646
4569340	4494058
4569341	4569235
4569342	2203863
4569343	2203863
4569344	2203863
4569345	2203865
4569346	2203865
4569347	2203865
4569348	2203867
4569349	4494059
4569350	2203867
4569351	2203867
4569352	2203864
4569353	2203864
4569354	2203864
4569355	4494062
4569356	2203868
4569357	2203868
4569358	2203868
4569359	4494063
4569360	2203869
4569361	2203869
4569362	2203869
4569363	2645211
4569364	2203871
4569366	2203870
4569367	4494065
4569368	2645211
4569369	4494067
4569370	2203872
4569371	2203872
4569372	2203875
4569373	2203875
4569374	4494070
4569375	2203886
4569376	2203886
4569377	2203890
4569378	2203890
4569382	2203889
4569384	2203898
4569385	2203898
4569386	4569469
4569386	4569471
4569386	4570747
4569386	4570748
4569386	4570751
4569386	4570954
4569386	4571942
4569386	4574982
4569387	2203899
4569388	2206851
4569389	2645210
4569390	2206851
4569391	2206851
4569392	4494073
4569393	3908655
4569394	4494079
4569395	3908655
4569396	3908654
4569396	3908655
4569399	3908654
4569399	3908655
4569401	2247188
4569402	4494087
4569403	2247189
4569404	3908655
4569405	3908655
4569406	4569210
4569407	2254627
4569408	2254627
4569409	4494088
4569410	2254627
4569411	2264156
4569412	2264156
4569413	2264156
4569414	4494091
4569420	3908654
4569421	4494092
4569422	2283752
4569423	2283752
4569424	4494093
4569425	3908650
4569426	3908648
4569426	3908649
4569426	3908650
4569427	2307509
4569428	2307509
4569429	2307509
4569430	2307509
4569431	2307509
4569432	2307509
4569433	2307509
4569434	2307509
4569435	2307509
4569436	2307509
4569437	2307509
4569438	2307509
4569439	3908649
4569440	4494097
4569441	4494098
4569442	2402675
4569443	2402675
4569444	3908647
4569445	2645192
4569446	2402679
4569447	2402679
4569448	3908645
4569448	3908646
4569448	3908647
4569449	4494099
4569450	4494103
4569451	3908646
4569452	4569633
4569453	3129336
4569454	4569628
4569455	3129336
4569456	2549145
4569457	2549145
4569458	1504740
4569460	2425757
4569461	406264
4569462	2425757
4569463	2427778
4569464	392149
4569465	2375845
4569466	284613
4569467	3729912
4569468	3729912
4569469	4569386
4569470	3763417
4569471	4569386
4569473	2645192
4569474	2912653
4569475	2912653
4569476	2315327
4569476	2316999
4569477	2631984
4569479	3752946
4569480	3752946
4569481	3751689
4569482	4500089
4569483	55417
4569484	2876011
4569485	2570704
4569486	2570704
4569487	2570704
4569488	2570706
4569489	2570706
4569490	2570706
4569491	2649204
4569492	2649233
4569493	2649233
4569495	2649249
4569497	2649249
4569499	2649249
4569501	2652938
4569502	2654867
4569503	1440826
4569504	2677058
4569505	2677058
4569508	2567689
4569509	2718429
4569510	2718429
4569511	2725101
4569512	1461056
4569513	2567689
4569514	2957291
4569515	2561565
4569516	238132
4569518	1461056
4569519	2546225
4569520	3170753
4569522	2740750
4569523	2740750
4569524	2740750
4569525	2546225
4569526	2751848
4569527	2751848
4569528	2752948
4569529	2755221
4569530	2755221
4569531	2755221
4569532	2755221
4569533	2545865
4569534	2755221
4569535	2755221
4569537	2545865
4569538	3696714
4569539	2545864
4569541	3696714
4569542	2545864
4569543	2690450
4569544	2756575
4569545	2835460
4569546	2092932
4569547	2837617
4569548	2837617
4569549	2837617
4569550	2092932
4569551	2837617
4569552	2837617
4569553	2202010
4569554	2837617
4569555	2545864
4569556	2863869
4569557	2863869
4569558	2863869
4569559	2863869
4569560	2863869
4569561	2863869
4569562	2852896
4569563	2852896
4569564	2852896
4569565	2857892
4569566	2871142
4569567	2871502
4569568	2545862
4569569	2929305
4569570	2936461
4569571	2960455
4569572	390709
4569572	2089313
4569573	390709
4569573	2089313
4569574	390709
4569574	2089313
4569575	390709
4569575	2089313
4569576	2545862
4569577	2545859
4569578	2545859
4569579	3087460
4569580	2545853
4569581	3050013
4569582	2545853
4569583	4569210
4569584	4569210
4569585	2890112
4569586	1788744
4569587	2545864
4569588	3022436
4569589	3022436
4569590	3022436
4569591	3017738
4569592	2452385
4569593	3155268
4569594	3155271
4569595	3155271
4569596	3120878
4569597	3120878
4569598	2111604
4569599	2108964
4569600	3338564
4569601	3338564
4569602	3338564
4569603	3338564
4569604	3374155
4569605	3374155
4569606	3374155
4569607	3374155
4569608	3384687
4569609	3384687
4569610	3384687
4569611	4426156
4569612	3458583
4569613	3467780
4569614	4569212
4569615	3467780
4569616	3467780
4569617	3945820
4569618	3786471
4569619	352360
4569620	1905161
4569621	4569212
4569622	2452385
4569623	4436193
4569624	1259505
4569625	4415025
4569626	4569192
4569627	2349890
4569628	4569454
4569629	4569967
4569630	3080294
4569631	2214255
4569632	1724133
4569633	4569452
4569634	4570221
4569634	4570226
4569635	4201104
4569636	4569339
4569638	4569339
4569639	3574484
4569640	3574484
4569641	3574484
4569643	3574484
4569644	3574484
4569645	3574484
4569646	4569339
4569651	3605392
4569652	3605392
4569653	3605392
4569654	3608063
4569655	3608063
4569656	3608063
4569657	47039
4569659	3631263
4569660	47039
4569661	3631263
4569662	47039
4569663	47039
4569664	4569292
4569665	3608127
4569666	3608127
4569667	3608127
4569668	3608127
4569669	3608127
4569670	47039
4569671	3608127
4569672	3627001
4569673	47039
4569674	3648641
4569675	3651941
4569676	3651941
4569677	3651941
4569678	3651941
4569679	3701491
4569680	3721448
4569681	3721448
4569682	3721448
4569683	3721448
4569684	1098774
4569685	1098774
4569686	3721594
4569687	3721594
4569688	3731482
4569689	19321
4569690	19321
4569691	3733786
4569692	3733786
4569693	3733786
4569694	3733813
4569695	3733813
4569696	2037247
4569697	3733813
4569699	3820042
4569700	3820042
4569704	3821204
4569705	2456131
4569706	3821856
4569707	3821856
4569708	3821856
4569709	3821856
4569710	3821856
4569711	3821856
4569712	2107669
4569713	3821982
4569714	2107669
4569715	3821982
4569716	2107669
4569717	3823841
4569718	3823841
4569719	2107669
4569721	2107669
4569722	3824714
4569723	2107669
4569724	3824714
4569726	3824714
4569727	2111596
4569728	3824714
4569729	3824714
4569731	2111799
4569733	2111799
4569735	2111799
4569736	3825626
4569737	2203772
4569738	2203772
4569739	3825790
4569740	3825790
4569741	2203772
4569742	3825790
4569744	3825991
4569745	2203773
4569746	3825991
4569747	2203773
4569748	2203773
4569749	3825991
4569750	3826022
4569751	3826022
4569753	3821204
4569754	3821204
4569756	3821204
4569757	21678
4569758	21678
4569759	32134
4569760	286516
4569761	286516
4569762	3826570
4569763	286516
4569764	3826570
4569765	286516
4569766	3826570
4569767	3851000
4569768	3851000
4569769	1512159
4569770	3851000
4569771	3851000
4569772	3851000
4569773	1226126
4569774	3851000
4569775	1226126
4569776	1226126
4569777	1226126
4569778	3877394
4569779	3877394
4569780	1226126
4569781	3877394
4569788	3896466
4569789	3896466
4569790	3896466
4569791	1229839
4569792	1229839
4569793	1844224
4569793	3736592
4569794	1844224
4569794	3736592
4569795	2202873
4569796	2202873
4569797	2202874
4569798	400332
4569798	413430
4569798	451992
4569798	584407
4569798	1144316
4569798	1304979
4569798	4570203
4569799	2202875
4569800	2235698
4569801	2241429
4569802	2241429
4569803	2249591
4569804	2249591
4569805	3172377
4569806	4570127
4569806	4570130
4569807	3172377
4569808	3172377
4569809	3920946
4569810	3920946
4569811	3920947
4569812	3920948
4569813	3920949
4569814	534705
4569815	534705
4569816	1133036
4569817	1133036
4569818	1133036
4569819	578776
4569820	578776
4569821	4570124
4569821	4571885
4569822	1383873
4569823	1624921
4569824	1624921
4569825	1734746
4569826	4565573
4569827	1734746
4569828	601303
4569828	4565625
4569829	1841193
4569830	1841193
4569831	3874407
4569832	1841193
4569833	3874407
4569834	1841193
4569835	3874407
4569836	3874407
4569837	2003078
4569839	2003078
4569840	2081088
4569841	2081088
4569842	2218148
4569843	2218148
4569844	2218148
4569845	2235691
4569846	2235691
4569847	2240571
4569848	2240571
4569849	2241524
4569850	2241524
4569851	2245331
4569851	2245332
4569852	2245331
4569853	4570114
4569854	2245690
4569855	4565747
4569856	2245690
4569857	159038
4569858	2247628
4569859	2247788
4569860	2388097
4569861	2891269
4569862	2891269
4569863	2891269
4569864	3301164
4569865	3918681
4569866	3918681
4569867	3918681
4569868	3918751
4569869	4001492
4569870	3918751
4569871	3918751
4569872	3918751
4569873	3918751
4569874	3918751
4569875	3824597
4569876	3824597
4569877	49405
4569877	3642069
4569877	3642070
4569878	3918679
4569880	3918679
4569881	3733064
4569882	3918679
4569883	3733064
4569884	3918679
4569885	3916877
4569886	3916877
4569888	3916875
4569888	3916877
4569890	3916876
4569891	3916876
4569892	3916901
4569893	3916876
4569894	3916901
4569895	3916875
4569896	3916875
4569898	4458072
4569899	3916875
4569900	4458072
4569901	3916875
4569902	3916875
4569903	4498006
4569904	4498006
4569905	4498760
4569906	4498760
4569907	4498757
4569908	4498757
4569909	4565753
4569910	3918752
4569911	3918753
4569912	3918752
4569913	3918753
4569914	4565764
4569915	309347
4569916	3918752
4569917	3918753
4569918	309347
4569919	3918909
4569920	3918909
4569921	3918909
4569922	3918909
4569923	3918909
4569924	3918909
4569925	4565827
4569926	4569273
4569928	3918910
4569929	379440
4569930	3918910
4569931	379440
4569932	3918910
4569933	3918911
4569934	3918911
4569935	3918911
4569936	3919925
4569937	3919925
4569938	4565834
4569939	3919925
4569940	3920345
4569941	3920345
4569942	4565845
4569943	3920345
4569944	3920346
4569945	3920346
4569946	3920346
4569947	3921552
4569948	3921552
4569949	3921552
4569950	3930181
4569951	3930181
4569952	4565848
4569957	4565850
4569967	4569629
4569968	3935374
4569969	3935374
4569970	3935374
4569971	3935374
4569972	4565903
4569973	4570110
4569974	4565920
4569975	4565923
4569976	4565924
4569979	3983904
4569980	3983904
4569981	4570106
4569982	4565926
4569983	3995165
4569984	4002412
4569985	17765
4569985	474111
4569985	787954
4569986	4002412
4569987	4002412
4569988	3181171
4569989	4565987
4569990	4002412
4569992	4565997
4569993	4566003
4569995	4566004
4569996	4566028
4569997	4566046
4569998	542551
4569999	4566348
4570000	3181171
4570001	4566358
4570002	4566359
4570003	4566428
4570005	4566557
4570007	4054941
4570008	4054941
4570009	4054941
4570010	4054941
4570011	4054941
4570012	4054941
4570014	4567205
4570015	4129992
4570016	4129992
4570017	4129998
4570018	4129998
4570019	4256774
4570020	4256774
4570021	4256774
4570022	4567795
4570023	4256774
4570024	4257206
4570025	4567797
4570026	4344086
4570027	4353999
4570028	4567798
4570029	4353999
4570030	4353999
4570031	4567800
4570032	2406099
4570033	4567801
4570034	4422343
4570035	2544891
4570036	2498574
4570037	2137235
4570038	416173
4570039	289586
4570040	2803600
4570041	2548850
4570042	4421505
4570043	4570519
4570044	2541830
4570044	4570054
4570045	4491163
4570046	4504995
4570047	4504995
4570048	4504995
4570049	4471161
4570050	2331629
4570051	4422359
4570052	4569271
4570053	2074944
4570054	2541830
4570054	4570044
4570056	18581
4570057	18581
4570058	20100
4570059	20100
4570060	20100
4570061	20100
4570062	20100
4570063	20100
4570064	20100
4570065	20100
4570066	20100
4570067	20100
4570068	20100
4570069	20100
4570070	20303
4570071	20303
4570072	20303
4570073	20303
4570074	20117
4570075	20117
4570076	20117
4570077	20117
4570078	20117
4570079	20117
4570080	4569270
4570081	4569226
4570082	2402243
4570082	2403149
4570083	2402243
4570083	2403149
4570084	2402243
4570084	2403153
4570085	2402243
4570085	2403153
4570086	3852820
4570087	4378280
4570088	4569165
4570089	20770
4570090	4569155
4570091	4569146
4570094	4570100
4570095	1287088
4570096	1287088
4570097	889617
4570098	889617
4570100	4570094
4570102	889616
4570103	889616
4570104	754379
4570105	754379
4570106	4569981
4570108	2744308
4570110	4569973
4570111	4569255
4570112	4569235
4570113	4569189
4570114	4569853
4570115	4569171
4570116	4483715
4570116	4570125
4570117	4568780
4570118	1324349
4570118	1326639
4570119	4568490
4570120	1324349
4570121	1346344
4570122	1346344
4570124	4569821
4570125	4483715
4570125	4570116
4570125	4570126
4570126	4483715
4570126	4570125
4570127	4569806
4570128	61099
4570129	3912300
4570130	4569806
4570131	3158821
4570133	2583220
4570135	539639
4570136	3382837
4570136	3386283
4570137	3382837
4570137	3386282
4570138	1028271
4570139	1028271
4570140	263514
4570141	3147612
4570142	3115817
4570143	1896349
4570144	2954538
4570145	2474813
4570146	4570196
4570147	2273975
4570148	1573749
4570149	3821380
4570151	2713783
4570152	2408387
4570153	1095078
4570154	49144
4570155	3907498
4570156	3439688
4570157	3200899
4570158	3178723
4570159	3024238
4570160	4570189
4570160	4571678
4570161	332001
4570162	2318338
4570163	2106470
4570164	2258964
4570165	1587252
4570165	1587657
4570165	1592074
4570165	1600356
4570165	2840148
4570166	1189505
4570167	2922283
4570169	4563709
4570170	2922287
4570171	2922289
4570172	2922285
4570173	2922280
4570174	2922280
4570175	2922276
4570176	2922276
4570177	1454330
4570178	2922291
4570179	2922293
4570180	3200468
4570181	2922301
4570181	2922304
4570182	2922302
4570183	2922296
4570185	3052158
4570186	65045
4570186	4571041
4570186	4571042
4570186	4571044
4570187	261327
4570187	1548602
4570188	55417
4570189	4570160
4570190	1027438
4570191	2650132
4570192	2406143
4570193	1026393
4570194	436925
4570194	436926
4570194	604560
4570194	3085170
4570194	3554743
4570194	3554744
4570194	4570691
4570195	3390678
4570196	4570146
4570197	3181674
4570198	2259289
4570199	2248898
4570200	2157005
4570201	313444
4570202	4483715
4570203	4569798
4570204	4497716
4570204	4558222
4570205	3563668
4570205	4570437
4570206	875576
4570207	3539313
4570208	460320
4570209	4494141
4570210	4532755
4570210	4566910
4570210	4566914
4570212	2639922
4570213	2539528
4570214	1275396
4570214	2270493
4570214	2271034
4570215	4494152
4570216	56366
4570217	2218416
4570218	4494155
4570219	4494157
4570220	8937
4570220	400009
4570221	4569634
4570222	2906253
4570223	4494158
4570224	4531896
4570225	1995097
4570225	2617246
4570226	4569634
4570226	4571466
4570226	4571933
4570228	4494159
4570229	248138
4570230	268880
4570232	4494161
4570233	779140
4570234	4494162
4570235	4494163
4570236	2539254
4570237	4494164
4570238	2415761
4570239	2953673
4570239	2981423
4570239	3225267
4570239	4302669
4570240	4494165
4570240	4494166
4570241	2941769
4570243	2545129
4570245	4494172
4570246	2451061
4570247	4494177
4570248	1659629
4570249	2926323
4570250	4494178
4570251	2926323
4570252	1125272
4570252	1126022
4570252	1126023
4570252	1126042
4570252	1142437
4570252	3022161
4570252	3022162
4570252	3355108
4570252	3355138
4570253	4494179
4570254	2926323
4570255	4494181
4570256	4494182
4570257	682010
4570258	4494183
4570259	42895
4570260	298948
4570261	4494184
4570263	3024122
4570265	4494186
4570266	1280475
4570267	4494187
4570268	4494189
4570269	298948
4570270	4494193
4570271	4494198
4570272	4494199
4570274	4494200
4570276	2154356
4570277	4494203
4570278	4494204
4570279	1314415
4570280	4494207
4570281	4494208
4570283	4494210
4570284	899121
4570285	4494211
4570286	3223360
4570287	4494212
4570288	820742
4570289	4494213
4570290	2361130
4570291	3635484
4570292	4494216
4570293	3635484
4570294	2406099
4570295	4494217
4570296	2330083
4570297	2111167
4570298	4494219
4570299	2406099
4570300	4494221
4570301	253648
4570302	4494224
4570303	28470
4570304	4494225
4570305	1915581
4570305	2747574
4570305	2747584
4570305	2747605
4570305	3326980
4570305	3661121
4570306	4494231
4570307	4494234
4570308	2267453
4570309	679141
4570310	3181135
4570311	2095442
4570311	2097352
4570311	2097353
4570311	3528679
4570311	3528680
4570311	3614816
4570312	820742
4570313	4494235
4570314	406395
4570315	316898
4570316	3181135
4570317	1169461
4570318	4494237
4570319	3181135
4570320	4494238
4570321	820742
4570323	3728209
4570324	4494239
4570325	271524
4570326	4494240
4570327	4570741
4570327	4571716
4570328	3818784
4570329	417090
4570329	1046766
4570330	4494241
4570331	3716220
4570332	2349349
4570333	3448968
4570334	4494244
4570335	4494304
4570336	3258269
4570337	2724590
4570338	3747305
4570339	310375
4570340	2441623
4570341	2284226
4570342	2284227
4570343	3733287
4570344	4494305
4570346	4494307
4570347	4493649
4570348	3365383
4570349	4494308
4570350	3135861
4570351	4494309
4570352	4494310
4570353	4494311
4570354	4494319
4570355	632118
4570356	4494321
4570357	4494325
4570358	244212
4570359	4494326
4570360	4494327
4570362	22758
4570362	185626
4570363	4494330
4570364	4493819
4570365	4494331
4570366	4494334
4570367	3582717
4570368	4494335
4570370	4494337
4570371	4494338
4570372	4494339
4570373	4494340
4570374	4494341
4570375	4494342
4570376	2900646
4570377	2643321
4570378	1741221
4570379	4494343
4570380	1026226
4570381	4494344
4570382	1663853
4570383	1595343
4570384	4494345
4570385	4500120
4570386	4494346
4570387	2273585
4570388	4494347
4570389	2107475
4570390	4494348
4570391	53310
4570392	4494349
4570393	4494351
4570394	4494350
4570396	4494353
4570397	4494354
4570398	4494355
4570399	3927956
4570400	4494356
4570401	3181445
4570402	4494357
4570403	2640289
4570404	4494431
4570405	4494432
4570406	282292
4570407	4494437
4570407	4494689
4570407	4494837
4570408	3912779
4570409	4494438
4570410	2682002
4570411	4494439
4570412	4494440
4570413	2662698
4570414	4494444
4570416	4494448
4570417	4494449
4570418	4494450
4570419	4494452
4570420	4494454
4570421	4494455
4570422	4494457
4570423	4494458
4570424	4494459
4570426	4494461
4570427	4494462
4570428	1028162
4570429	4494463
4570429	4570685
4570430	289882
4570430	1827429
4570430	2003902
4570431	4494466
4570432	2890266
4570432	3568934
4570433	4494467
4570434	4529601
4570435	4494470
4570436	3734867
4570437	3563668
4570437	4570205
4570438	4494471
4570438	4494872
4570439	4494472
4570439	4570684
4570440	4494474
4570440	4570683
4570441	4494475
4570442	885702
4570443	4494476
4570445	4494477
4570446	290919
4570446	855229
4570446	2875860
4570447	4494478
4570448	2982317
4570449	4494480
4570451	2361232
4570452	4494481
4570453	4494483
4570453	4494757
4570454	261693
4570456	50135
4570458	2897919
4570459	4494490
4570460	4494493
4570461	1476493
4570462	4494494
4570464	4494495
4570465	1172165
4570466	4494496
4570467	3822221
4570468	4494499
4570469	3448890
4570470	4494500
4570471	3120978
4570472	4494501
4570473	4494506
4570474	4494579
4570476	4494581
4570477	4494582
4570478	2667333
4570479	4494584
4570480	4494585
4570481	2661916
4570482	4494586
4570483	4494587
4570486	4494591
4570489	4494594
4570491	4494595
4570492	4494596
4570493	4494597
4570495	4494598
4570496	4494599
4570496	4570682
4570497	4494600
4570499	4494601
4570500	1763781
4570501	982622
4570502	240080
4570505	4570738
4570508	41597
4570509	4570736
4570510	3960887
4570511	2538160
4570512	4570598
4570513	253498
4570515	4015649
4570516	3919800
4570518	2543030
4570519	4570043
4570519	4570699
4570519	4574737
4570520	3903898
4570523	4570732
4570524	4570726
4570524	4570727
4570526	291795
4570527	2954710
4570529	2745237
4570530	294729
4570531	2406923
4570532	2242974
4570534	2063340
4570535	304516
4570536	1200741
4570538	4499371
4570539	2956196
4570541	1893649
4570542	319747
4570543	320075
4570544	2037796
4570546	264252
4570546	381585
4570547	323631
4570548	3483166
4570549	323737
4570550	323844
4570551	3442487
4570552	324880
4570554	325230
4570555	325464
4570557	325774
4570558	325869
4570559	2642554
4570560	2266193
4570561	325906
4570563	326126
4570564	395610
4570565	1029888
4570566	326288
4570567	295695
4570569	326809
4570570	327952
4570571	328023
4570572	337076
4570573	30379
4570574	351258
4570575	315761
4570576	357653
4570578	3588364
4570579	370557
4570581	370609
4570582	2719528
4570584	2283188
4570585	371008
4570587	371739
4570588	1026019
4570589	376405
4570591	379250
4570593	386766
4570594	388611
4570596	388733
4570598	4570512
4570598	4570959
4570599	393490
4570600	302551
4570602	395397
4570603	251630
4570604	3494927
4570604	3494935
4570605	281055
4570608	3129740
4570609	395538
4570610	27618
4570612	249558
4570615	240117
4570616	1577221
4570618	4502628
4570620	3402566
4570621	4501221
4570622	4499010
4570623	400048
4570625	2865464
4570627	3390707
4570630	2537844
4570632	887102
4570633	3264677
4570635	54653
4570636	3948100
4570638	54052
4570640	1024596
4570641	3181553
4570642	303796
4570643	2327301
4570645	3730607
4570646	251764
4570648	3151144
4570649	2757736
4570650	277517
4570652	2438435
4570654	2912003
4570655	2912003
4570657	2912003
4570658	2912003
4570659	681239
4570660	2033697
4570661	2033697
4570662	2640549
4570663	2640549
4570668	2669452
4570675	1895077
4570678	2596456
4570678	2596458
4570678	3338800
4570680	292778
4570681	4486140
4570682	4570496
4570683	4570440
4570684	4570439
4570685	4570429
4570687	734017
4570689	3428829
4570691	436925
4570691	3085170
4570691	4570194
4570693	1333427
4570695	1353467
4570696	465925
4570697	243077
4570697	734017
4570699	4570519
4570700	4569269
4570703	1970572
4570704	1970572
4570706	1970570
4570707	1970570
4570709	1970571
4570710	4570728
4570710	4571941
4570710	4574736
4570711	4438110
4570712	1970571
4570714	69519
4570714	645821
4570714	645853
4570720	4570721
4570720	4571940
4570720	4572616
4570720	4573179
4570720	4573180
4570720	4573182
4570720	4574734
4570721	4570720
4570721	4572616
4570725	325922
4570726	4570524
4570727	4570524
4570728	4570710
4570729	1671941
4570729	2214092
4570730	1671941
4570730	2214092
4570731	1905852
4570731	1906825
4570731	1906827
4570732	4570523
4570733	1029695
4570734	1029695
4570735	1029695
4570736	4570509
4570737	1886356
4570737	1949084
4570738	4570505
4570739	3424193
4570740	3424193
4570741	4570327
4570742	3825481
4570743	4016530
4570744	3312576
4570745	2539338
4570746	2630517
4570746	2794540
4570747	4569386
4570748	4569386
4570749	3737817
4570750	3733525
4570751	4569386
4570752	3737817
4570753	4569314
4570758	14189
4570759	14189
4570760	3388159
4570761	1329071
4570762	2217815
4570762	2217816
4570763	2214100
4570763	2217815
4570763	2217816
4570763	3298371
4570764	2944146
4570765	11336
4570766	2540338
4570767	4568910
4570768	71583
4570769	3919609
4570771	2279324
4570772	3862817
4570773	4568884
4570774	3821382
4570775	4568878
4570775	4572076
4570776	3551289
4570777	3422281
4570778	4568878
4570779	4568878
4570780	3879702
4570781	3459869
4570782	2649138
4570783	1632247
4570784	1588724
4570785	1076009
4570785	2357422
4570785	2357423
4570786	789930
4570787	3913853
4570788	3202683
4570789	3168201
4570789	4545052
4570789	4545053
4570790	2203781
4570791	4567915
4570792	3502206
4570793	1830430
4570794	4567915
4570795	3332132
4570796	4567915
4570797	49818
4570798	42242
4570799	3444598
4570800	3281683
4570801	3216186
4570803	2915148
4570804	2897814
4570805	1741766
4570806	902799
4570807	296474
4570808	1421909
4570809	63220
4570810	3152727
4570811	3012624
4570812	2203691
4570813	3273325
4570815	2203159
4570816	1823606
4570817	239700
4570818	925199
4570819	1134260
4570820	3925801
4570821	337939
4570822	36167
4570823	4494606
4570824	2498677
4570825	1044210
4570826	267020
4570827	1044210
4570828	57940
4570829	3555462
4570830	3265627
4570831	2739285
4570832	2012692
4570833	901587
4570833	1476774
4570834	2215310
4570835	2215309
4570836	2214262
4570837	2214262
4570838	269552
4570839	3288900
4570840	3913332
4570842	925199
4570843	3651081
4570844	751159
4570845	751159
4570846	2662503
4570847	1095214
4570848	245603
4570849	3765758
4570850	3442200
4570851	658511
4570852	297755
4570853	773948
4570853	4570860
4570853	4570862
4570854	50138
4570855	3359692
4570856	2889032
4570857	2643053
4570858	2545517
4570859	2272457
4570860	4570853
4570861	2046847
4570862	4570853
4570863	1293177
4570864	267771
4570865	23989
4570866	4570901
4570867	3738926
4570868	2952352
4570869	2788209
4570870	2786788
4570871	2662445
4570872	2458632
4570873	1117113
4570874	799868
4570875	107358
4570875	296328
4570875	577629
4570876	3725492
4570877	3651042
4570878	3185196
4570879	2952869
4570880	2360691
4570881	773948
4570882	1195806
4570883	3818559
4570884	3331052
4570885	1936470
4570886	1547699
4570887	1224571
4570888	1040485
4570889	908690
4570890	52918
4570891	51244
4570891	1193082
4570892	3736101
4570892	4236404
4570892	4236408
4570893	121322
4570893	282684
4570894	1027889
4570895	312220
4570896	2053759
4570897	1526136
4570898	66351
4570899	311196
4570900	265719
4570901	4570866
4570901	4574733
4570902	47874
4570903	4511835
4570904	17291
4570906	3818909
4570907	3417281
4570909	2240813
4570910	1327735
4570911	406174
4570912	292757
4570913	245580
4570914	241624
4570915	27026
4570916	3905273
4570917	2257929
4570918	1305751
4570919	255897
4570920	3908120
4570921	2254526
4570922	3392576
4570923	3142917
4570924	1841470
4570924	1958122
4570925	38055
4570926	3903440
4570927	2549180
4570928	2276894
4570929	1309307
4570930	18418
4570931	2667381
4570932	271588
4570933	37193
4570933	1149160
4570933	1693094
4570934	4494353
4570935	3882811
4570936	4494472
4570937	4494472
4570938	4494455
4570939	4494231
4570940	4494225
4570941	4494235
4570942	4494495
4570943	4494501
4570944	4494601
4570945	4494216
4570946	4494213
4570947	4494458
4570948	325922
4570949	460320
4570950	4568884
4570951	4569263
4570952	4569269
4570953	4569308
4570954	4569386
4570955	4569235
4570956	4569235
4570957	4569314
4570958	4569255
4570959	4570598
4570960	4569189
4570961	2641563
4570962	4569195
4570963	1194872
4570963	1269349
4570964	901587
4570964	903986
4570964	948937
4570964	1476774
4570964	3127455
4570965	4570979
4570965	4571013
4570965	4574732
4570966	4574731
4570967	4570977
4570967	4574729
4570968	2842646
4570968	4571016
4570969	4570974
4570969	4570975
4570969	4574728
4570969	4574981
4570970	4574727
4570971	4570976
4570971	4571015
4570971	4571030
4570971	4571031
4570971	4571032
4570971	4575057
4570974	4570969
4570975	4570969
4570976	4570971
4570977	4570967
4570978	4570986
4570978	4570987
4570979	4570965
4570980	4570988
4570980	4570989
4570981	4570990
4570982	4570990
4570982	4574726
4570983	4570992
4570983	4571408
4570983	4574724
4570983	4574725
4570984	4570993
4570984	4571407
4570984	4574723
4570985	4570991
4570985	4571029
4570985	4571333
4570985	4574722
4570986	4570978
4570987	4570978
4570988	4570980
4570989	4570980
4570990	4570981
4570990	4570982
4570991	4570985
4570992	4570983
4570993	4570984
4570994	3919195
4570994	4291009
4570995	3893460
4570995	4571403
4570995	4574720
4570996	4571405
4570996	4574719
4570997	3149065
4570997	4571002
4570998	1277948
4570999	295130
4570999	1673095
4571001	2538876
4571002	4570997
4571003	1949496
4571003	4571026
4571003	4571027
4571003	4571028
4571003	4574718
4571004	284961
4571006	3462580
4571006	4571010
4571006	4574716
4571006	4574717
4571007	4571332
4571007	4575055
4571008	4571009
4571008	4574715
4571009	4571008
4571010	4571006
4571013	4570965
4571015	4570971
4571016	4570968
4571017	4571939
4571018	4571936
4571018	4572147
4571019	3023573
4571020	4571331
4571020	4571932
4571021	3024213
4571022	3024439
4571023	3024503
4571024	3024503
4571025	657310
4571026	4571003
4571026	4571402
4571027	4571003
4571028	4571003
4571029	4570985
4571030	4570971
4571031	4570971
4571032	4570971
4571033	4494474
4571034	4494474
4571035	4494474
4571036	1575448
4571036	1593079
4571036	1593080
4571036	4572148
4571038	2703859
4571039	2703859
4571040	1593079
4571040	1593080
4571040	4571053
4571040	4571929
4571041	4570186
4571042	4570186
4571043	1886088
4571043	4132142
4571044	4570186
4571045	1532171
4571046	1860495
4571047	4494664
4571050	4494666
4571051	4494670
4571052	4494671
4571053	4571040
4571054	4494672
4571055	4494674
4571056	4494675
4571057	4494676
4571058	4494677
4571059	4494678
4571060	4494679
4571061	4494680
4571062	4494681
4571064	4494683
4571065	4494684
4571066	4494685
4571067	4494686
4571068	4494685
4571070	4494688
4571072	4494688
4571073	4494690
4571074	4550993
4571075	4494691
4571076	4494694
4571077	4494691
4571078	4494695
4571079	3984205
4571080	4494697
4571081	4494699
4571082	1140636
4571083	4494700
4571084	1440866
4571085	4494701
4571086	1440867
4571088	4494694
4571089	1224395
4571090	2963367
4571091	1843328
4571093	2963367
4571094	993895
4571095	4494706
4571096	1188400
4571097	1226661
4571098	4494711
4571099	4494703
4571100	4494713
4571101	4494714
4571102	4494715
4571103	4494716
4571104	4494711
4571106	4494717
4571107	434316
4571107	434317
4571108	4494718
4571109	4494718
4571110	4494719
4571111	4494721
4571112	4494724
4571113	4494726
4571114	4494724
4571115	4494730
4571116	1142195
4571117	4494731
4571118	4494734
4571119	4494735
4571120	4494731
4571121	4494736
4571122	4494737
4571123	4494738
4571124	4494740
4571125	4494751
4571126	4494753
4571127	4494740
4571130	4494762
4571131	4494772
4571132	4494777
4571133	4494820
4571134	4494821
4571135	4494822
4571136	4494823
4571137	4494822
4571137	4516015
4571140	4494777
4571141	4494828
4571142	4494830
4571143	2891145
4571144	2891146
4571145	2891146
4571146	2891147
4571147	2891147
4571148	4494831
4571149	2891147
4571150	4494832
4571151	2891147
4571152	4494833
4571153	2891148
4571153	2891149
4571154	4494834
4571154	4495109
4571155	4494835
4571156	3096908
4571157	4494836
4571159	4494838
4571160	4494839
4571161	4494837
4571162	4494841
4571163	36557
4571164	4494839
4571165	4494842
4571166	4494843
4571167	4494844
4571169	35020
4571171	4494847
4571172	4494848
4571173	4494850
4571174	29846
4571175	4494851
4571178	4494856
4571179	4494857
4571180	4494862
4571181	24674
4571182	4494863
4571183	18275
4571184	4494862
4571185	4494867
4571186	4494868
4571187	4494870
4571188	4494871
4571190	4494929
4571191	4494930
4571192	4494931
4571193	4494932
4571194	4494933
4571195	4574713
4571196	4494934
4571197	4571327
4571197	4572196
4571198	4494938
4571199	4574642
4571200	4494936
4571201	4494937
4571204	4494939
4571205	3395507
4571206	2712759
4571207	16950
4571208	4569160
4571209	4568878
4571210	4568783
4571211	4568113
4571212	4494941
4571213	4567907
4571213	4568866
4571213	4571215
4571213	4571219
4571213	4571220
4571214	45281
4571215	4567907
4571215	4571213
4571215	4571219
4571215	4571220
4571216	45266
4571217	45287
4571218	45286
4571219	4567907
4571219	4571213
4571219	4571215
4571219	4571220
4571220	4567907
4571220	4571213
4571220	4571215
4571220	4571219
4571221	3079336
4571221	4571228
4571221	4571326
4571221	4572159
4571221	4572160
4571222	51101
4571223	4494943
4571226	4494952
4571228	3077718
4571228	3077740
4571228	3078169
4571228	3079336
4571228	4571221
4571229	4494954
4571230	4494959
4571231	4495040
4571232	4495041
4571234	2695515
4571234	4494944
4571235	4495044
4571236	2695515
4571236	4494944
4571237	4495045
4571238	4495047
4571239	4495048
4571240	4495050
4571241	4495052
4571242	4495053
4571243	4495066
4571244	4495067
4571245	4495068
4571246	4495069
4571247	4495070
4571248	4495071
4571249	4495073
4571251	4495078
4571253	4495081
4571254	4495082
4571255	4571257
4571255	4571262
4571255	4572169
4571256	4495084
4571257	4571255
4571258	4495096
4571259	4495104
4571260	4495105
4571261	4495106
4571262	4571255
4571263	4495107
4571264	4495108
4571267	4495111
4571268	4495112
4571269	4495113
4571270	4495115
4571271	4495125
4571272	4495129
4571273	4495132
4571274	4495133
4571275	4495134
4571276	4495137
4571277	4495138
4571279	4495150
4571280	4495157
4571281	4495158
4571282	4495166
4571283	4495167
4571283	4571865
4571284	4495171
4571284	4571867
4571285	4495172
4571286	3757119
4571287	4495173
4571289	1217880
4571290	4495175
4571291	4495176
4571292	3867147
4571293	4495179
4571295	1187933
4571296	4495182
4571297	4495183
4571298	1187934
4571299	4495184
4571300	4495188
4571301	1187934
4571302	4495189
4571303	4495270
4571304	1187935
4571305	4495271
4571306	4495272
4571307	4495274
4571308	1187936
4571309	4495275
4571310	4495276
4571311	4495277
4571311	4571861
4571312	4495278
4571315	4495288
4571315	4571857
4571316	4495289
4571319	4495292
4571321	4495294
4571321	4571854
4571322	4495296
4571323	4495298
4571325	4495302
4571326	4571221
4571327	4571197
4571328	4495307
4571329	4495309
4571329	4571338
4571329	4571339
4571330	4495312
4571331	4571020
4571332	4571007
4571333	4570985
4571334	4495319
4571335	2818754
4571336	135541
4571336	135542
4571336	325036
4571336	375123
4571336	658859
4571336	659079
4571336	660205
4571336	662151
4571336	992267
4571336	1234229
4571336	4571337
4571337	135541
4571337	135542
4571337	325036
4571337	658859
4571337	659079
4571337	662151
4571337	1234229
4571337	4571336
4571338	4495309
4571338	4524646
4571338	4571329
4571338	4571339
4571339	4495309
4571339	4524646
4571339	4571329
4571339	4571338
4571340	2120836
4571340	2121189
4571340	2807688
4571340	2972853
4571340	3374395
4571341	1742684
4571341	2120836
4571341	2121189
4571341	2972854
4571341	3589289
4571341	4090681
4571342	1742684
4571342	2120826
4571342	2120832
4571342	2121189
4571342	2972855
4571342	4090681
4571343	4569189
4571344	281497
4571345	281518
4571346	281507
4571347	281470
4571348	803295
4571349	681573
4571350	281470
4571351	807030
4571353	62601
4571353	2622541
4571353	2622555
4571354	62601
4571354	2622542
4571354	2622562
4571355	62601
4571355	2622543
4571355	2622563
4571356	62601
4571356	2622544
4571356	2622556
4571357	62601
4571357	2622545
4571357	2622557
4571358	62601
4571358	2622546
4571358	2622558
4571359	62601
4571359	2622547
4571359	2622559
4571360	62601
4571360	2622548
4571360	2622560
4571361	62601
4571361	2622549
4571361	2622561
4571362	681777
4571363	62601
4571363	2622550
4571363	2622552
4571364	62601
4571364	2622551
4571364	2622553
4571365	681575
4571366	3821160
4571367	3821160
4571368	884404
4571369	1647135
4571370	1847830
4571370	4571375
4571371	1847830
4571371	4571375
4571372	4132584
4571373	4132584
4571374	327788
4571374	4571377
4571375	1847830
4571375	1847870
4571375	1850286
4571375	2019739
4571375	3339517
4571375	4571370
4571375	4571371
4571376	2696484
4571376	4571384
4571377	4571374
4571378	3731604
4571379	281547
4571380	4494614
4571381	281541
4571382	2821247
4571383	2821247
4571384	4571376
4571385	3341720
4571386	3341720
4571387	1686920
4571389	2203383
4571390	2203383
4571391	2281780
4571391	4571392
4571392	2281780
4571392	3748522
4571392	4373043
4571392	4449609
4571392	4571391
4571393	2281780
4571393	2497126
4571393	2815683
4571394	302346
4571396	49367
4571398	2673966
4571399	2673966
4571400	3809580
4571402	4571026
4571403	4570995
4571404	1724454
4571404	4399327
4571404	4491769
4571405	4570996
4571406	281586
4571407	4570984
4571408	4570983
4571409	2158221
4571410	2158221
4571411	2158221
4571412	281576
4571413	4398651
4571414	43877
4571414	4571416
4571415	1349860
4571416	4571414
4571417	3665320
4571418	1618071
4571418	4572145
4571419	2322
4571420	4572146
4571423	2089
4571424	1826108
4571425	1754
4571426	1368
4571427	941296
4571428	1302
4571430	1299
4571431	3373580
4571432	1012692
4571433	278490
4571433	415187
4571433	508150
4571433	605096
4571433	736159
4571433	819133
4571433	820028
4571433	2462540
4571433	4571448
4571434	4571438
4571436	893157
4571436	4563519
4571436	4571810
4571437	2648705
4571438	4571434
4571439	414475
4571439	574006
4571439	1401492
4571439	4424504
4571440	4567250
4571441	4571599
4571441	4571600
4571442	3354962
4571443	3354962
4571444	3354962
4571445	3354962
4571446	3354962
4571447	3354962
4571448	129445
4571448	278490
4571448	415187
4571448	508150
4571448	605096
4571448	736159
4571448	819133
4571448	820028
4571448	2462540
4571448	4571433
4571449	4565860
4571449	4571458
4571450	4564092
4571450	4572155
4571451	4564093
4571451	4572052
4571451	4574711
4571451	4574712
4571452	4564094
4571452	4572152
4571453	4564097
4571453	4574709
4571453	4574710
4571454	4571455
4571454	4571464
4571454	4571465
4571455	4571454
4571455	4571464
4571455	4571465
4571456	379250
4571456	379252
4571456	379266
4571456	379268
4571456	385784
4571456	618654
4571456	860150
4571456	1236886
4571457	379252
4571458	4571449
4571459	4571463
4571460	920594
4571461	2013088
4571462	3617993
4571463	4571459
4571464	4571454
4571464	4571455
4571465	4571454
4571465	4571455
4571466	4570226
4571466	4571695
4571466	4572217
4571466	4572610
4571466	4573190
4571466	4573192
4571466	4573199
4571467	4568342
4571467	4571694
4571468	1833837
4571468	1833843
4571468	1833846
4571468	1833866
4571468	1833876
4571469	465597
4571471	3916598
4571472	1762582
4571472	1762586
4571473	282938
4571474	282938
4571475	4400950
4571476	3766854
4571477	3766854
4571478	3766854
4571478	4571479
4571478	4574708
4571479	4571478
4571480	535514
4571481	535514
4571483	3489099
4571484	3236036
4571485	1970054
4571486	2248230
4571487	2248230
4571488	2248230
4571489	2248230
4571490	2248230
4571491	2248230
4571492	2248230
4571493	2248230
4571494	1517921
4571495	1517921
4571496	3164420
4571497	3553020
4571498	2713195
4571499	3131802
4571501	1542328
4571502	4308235
4571503	789579
4571503	1019207
4571503	1030641
4571503	1422145
4571503	1439707
4571503	2976592
4571505	1660136
4571506	1660136
4571507	4568739
4571508	1927265
4571509	369592
4571509	4571513
4571510	3402790
4571511	3402790
4571512	2082928
4571513	4571509
4571516	1729329
4571517	759711
4571518	4206859
4571519	147381
4571519	266065
4571519	662683
4571519	1126684
4571519	1602205
4571519	2242521
4571520	147381
4571520	267179
4571520	442790
4571520	1039551
4571521	147387
4571521	435084
4571523	759711
4571524	143825
4571524	556004
4571524	772327
4571525	759712
4571526	759712
4571527	2780378
4571530	759718
4571531	1887474
4571532	4571533
4571533	4571532
4571534	196509
4571535	3354574
4571536	2446246
4571537	1729366
4571538	1853437
4571539	4046010
4571540	2798549
4571541	477701
4571542	3847138
4571543	1913538
4571544	1286
4571545	759718
4571546	439093
4571547	4165309
4571548	293810
4571550	759733
4571551	759733
4571551	4571704
4571552	58305
4571552	220983
4571552	1297391
4571553	68699
4571554	68699
4571555	1369485
4571556	759738
4571557	60704
4571558	1138019
4571559	609041
4571559	610330
4571559	1356165
4571559	2038454
4571559	2038460
4571559	2579963
4571559	2579964
4571559	2580663
4571560	759738
4571561	44086
4571562	581190
4571563	759740
4571564	108762
4571564	4571566
4571565	759740
4571566	108762
4571566	4571564
4571567	1738536
4571568	174673
4571569	3330583
4571570	3097458
4571574	25380
4571574	188240
4571574	394165
4571574	512419
4571574	564913
4571574	566439
4571574	569836
4571574	572566
4571574	630768
4571574	1078721
4571574	1498140
4571574	2146734
4571574	3263417
4571574	4571576
4571575	3368877
4571576	25380
4571576	188240
4571576	572566
4571576	1078721
4571576	1498140
4571576	3263417
4571576	4571574
4571577	759745
4571578	24347
4571578	1633230
4571579	309761
4571580	2549224
4571581	240254
4571582	2044787
4571585	2645759
4571599	4571441
4571599	4571600
4571600	4571441
4571600	4571599
4571600	4574706
4571600	4574707
4571602	270711
4571606	759745
4571607	2383183
4571610	2383183
4571612	762026
4571613	762026
4571616	173771
4571617	2383183
4571619	762027
4571620	762027
4571621	762027
4571622	2580917
4571623	762029
4571624	762029
4571625	2261164
4571626	400469
4571627	400469
4571628	36419
4571628	4563658
4571629	1305427
4571630	816249
4571631	3974439
4571632	3186371
4571633	2817208
4571634	949237
4571635	3662547
4571636	356097
4571637	4571730
4571637	4571735
4571638	1471569
4571640	4571700
4571640	4571701
4571640	4571702
4571640	4571703
4571642	1383517
4571643	3613033
4571643	4571655
4571644	4571647
4571644	4571692
4571646	2582981
4571647	4571644
4571647	4572852
4571649	4569212
4571651	4571652
4571651	4571691
4571652	4571651
4571652	4571674
4571652	4572364
4571652	4572368
4571655	3616083
4571655	4571643
4571658	4476534
4571659	4476534
4571660	4571661
4571661	4571660
4571662	4571663
4571662	4572202
4571662	4572204
4571663	4571662
4571664	83759
4571664	134973
4571664	359099
4571664	1890651
4571664	2007978
4571664	4571665
4571664	4572157
4571665	4571664
4571666	4571667
4571666	4572166
4571667	4571666
4571668	4571669
4571668	4572199
4571669	4571668
4571670	4571671
4571671	4571670
4571672	4571673
4571672	4572168
4571673	4571672
4571673	4571744
4571673	4571746
4571674	4571652
4571675	79460
4571675	4571676
4571676	4571675
4571677	4487317
4571678	4570160
4571679	4571721
4571679	4571726
4571680	4571681
4571680	4572051
4571680	4572161
4571680	4572164
4571681	4571680
4571684	712136
4571685	4571686
4571685	4572170
4571686	4571685
4571687	4571689
4571687	4572192
4571689	4571687
4571690	4461992
4571691	4571651
4571692	4571644
4571694	4571467
4571695	4571466
4571695	4572610
4571698	4541087
4571699	4571719
4571699	4571720
4571700	4571640
4571701	4571640
4571702	4571640
4571703	4571640
4571704	4571551
4571707	2769549
4571708	2769549
4571709	2769549
4571711	2769549
4571712	2769549
4571713	2769549
4571714	2769549
4571715	2769549
4571716	4570327
4571718	4567226
4571719	4571699
4571720	4571699
4571721	4571679
4571722	4497174
4571723	1849224
4571723	1851832
4571724	4571725
4571724	4571728
4571725	4571724
4571725	4571728
4571726	4571679
4571728	4571724
4571728	4571725
4571728	4571764
4571728	4571765
4571730	4571637
4571732	1817595
4571732	4572033
4571732	4572361
4571732	4572363
4571733	4571734
4571734	4571733
4571735	4571637
4571739	4571740
4571740	4571739
4571740	4572029
4571740	4572353
4571740	4572357
4571744	3310343
4571744	4571673
4571744	4571750
4571745	4571747
4571746	3310343
4571746	4571673
4571746	4571750
4571747	4571745
4571748	312663
4571748	398820
4571748	451533
4571750	4571744
4571750	4571746
4571751	1609715
4571752	1924947
4571752	1924948
4571753	4149792
4571759	803980
4571760	803980
4571761	3688292
4571763	264475
4571764	4571728
4571765	4571728
4571766	1974468
4571767	51599
4571767	657202
4571767	657206
4571767	1419012
4571767	1419028
4571768	30433
4571768	4571769
4571769	4571768
4571769	4572026
4571771	115006
4571772	1820056
4571773	2821007
4571774	115006
4571776	115007
4571776	4571786
4571777	2230378
4571778	2230423
4571779	2230423
4571781	2230411
4571783	2230413
4571784	2230413
4571785	2999589
4571786	4571776
4571787	2849782
4571788	2849782
4571789	115008
4571790	1256244
4571791	2838673
4571792	115008
4571793	40298
4571794	681960
4571796	1776358
4571797	4271551
4571798	115009
4571799	3123774
4571800	3123774
4571802	115009
4571803	4566755
4571804	115010
4571807	3341615
4571807	3775721
4571807	4571837
4571809	115010
4571810	4571436
4571812	115011
4571813	4571838
4571813	4571841
4571814	115011
4571815	4555636
4571816	4555636
4571817	4571925
4571817	4571927
4571817	4571928
4571817	4572324
4571817	4574704
4571817	4574705
4571818	4572144
4571818	4572323
4571818	4574966
4571819	4571923
4571819	4571924
4571819	4572142
4571819	4572143
4571819	4572321
4571819	4574979
4571820	4571832
4571820	4571920
4571820	4571921
4571820	4571922
4571821	5364
4571822	5364
4571823	4571918
4571825	3953793
4571828	3953793
4571832	4571820
4571833	4571834
4571834	4571833
4571835	3018853
4571836	3770126
4571837	4571807
4571838	4571813
4571838	4571841
4571839	115012
4571840	4566675
4571841	4571813
4571841	4571838
4571842	115012
4571843	3018854
4571844	3177208
4571845	3178573
4571846	3178624
4571847	3178624
4571848	3181198
4571850	3183953
4571851	115013
4571852	3184176
4571853	3184966
4571854	4495294
4571854	4571321
4571855	1908945
4571855	1909277
4571855	1909278
4571855	1909279
4571855	1909843
4571855	1910660
4571855	2998983
4571856	3185582
4571857	4571315
4571858	4541004
4571858	4571882
4571859	3199939
4571860	115013
4571861	4495277
4571861	4571311
4571861	4574684
4571862	3199957
4571863	3199971
4571864	3199981
4571865	4571283
4571866	3199984
4571867	4571284
4571868	3018857
4571869	3253806
4571870	3257184
4571871	1265196
4571872	3280392
4571873	3286817
4571875	3311883
4571876	3327761
4571877	3311883
4571878	163707
4571879	537339
4571880	163707
4571881	3018858
4571882	4571858
4571882	4572024
4571883	4427185
4571885	4569821
4571886	182412
4571886	4571917
4571886	4572153
4571886	4572205
4571887	3753814
4571888	3742343
4571889	3742337
4571890	4566928
4571890	4572020
4571891	3720002
4571892	3705476
4571893	3703055
4571894	3733589
4571895	3733589
4571896	3703051
4571897	3732314
4571898	3702455
4571899	3696170
4571900	3312946
4571901	3693328
4571902	3693318
4571903	3690836
4571904	3690812
4571905	3680109
4571907	3680097
4571908	3680091
4571909	3680065
4571910	3680063
4571911	3646984
4571912	1339898
4571913	3646877
4571914	3565592
4571915	3563913
4571916	3555147
4571917	4571886
4571918	4571823
4571919	3533422
4571920	4571820
4571921	4571820
4571922	4571820
4571922	4571931
4571923	4571819
4571924	4571819
4571924	4571930
4571925	4571817
4571926	3525798
4571927	4571817
4571928	4571817
4571929	4571040
4571930	4571924
4571931	4571922
4571932	4571020
4571933	4570226
4571933	4572218
4571934	3018862
4571935	4571937
4571936	4571018
4571937	4571935
4571937	4572014
4571937	4572016
4571938	3018864
4571939	4571017
4571940	4570720
4571940	4571944
4571940	4572606
4571940	4572616
4571941	4570710
4571942	4569386
4571943	3525794
4571944	4571940
4571945	3524324
4571946	3521244
4571947	3516384
4571948	2098079
4571950	631047
4571950	1686922
4571950	1688982
4571950	1688983
4571950	2194895
4571950	4572000
4571950	4572001
4571950	4572003
4571951	2199187
4571951	4572151
4571952	3485728
4571954	3474013
4571955	3473343
4571958	2722117
4571959	2722117
4571960	3455836
4571961	3452838
4571962	3452142
4571963	2174102
4571964	3440252
4571965	601250
4571965	4572150
4571966	949636
4571967	925178
4571968	3440098
4571970	3435155
4571971	3433475
4571973	3429546
4571974	3429517
4571975	3415881
4571976	3389731
4571977	3389721
4571978	3386318
4571979	3381079
4571980	3379842
4571981	3379823
4571982	3377415
4571983	3376284
4571984	4571987
4571984	4572343
4571984	4572345
4571985	3358801
4571986	3355104
4571987	4571984
4571988	245165
4571989	3355049
4571990	4571993
4571990	4572341
4571990	4572342
4571991	305069
4571992	19300
4571993	4571990
4571994	4075664
4571995	4063723
4571996	266584
4571997	4027219
4571998	318544
4572000	1686922
4572000	4571950
4572001	4571950
4572002	326332
4572003	4571950
4572004	3934614
4572005	1437976
4572006	3900550
4572008	1686922
4572009	2564729
4572010	1783926
4572012	54535
4572013	54587
4572014	4571937
4572016	4571937
4572018	4572334
4572018	4572336
4572019	273385
4572020	4571890
4572022	305203
4572024	4571882
4572025	479127
4572026	4571769
4572027	370703
4572029	4571740
4572030	681208
4572031	681208
4572032	681208
4572033	4571732
4572036	47700
4572037	57849
4572038	57899
4572039	245164
4572040	681208
4572041	245164
4572043	264530
4572044	246110
4572046	299409
4572047	314584
4572049	582788
4572051	4571680
4572052	4571451
4572054	4541463
4572055	583937
4572055	1087613
4572055	3631147
4572058	2721381
4572060	1787813
4572061	3265393
4572062	403068
4572063	477086
4572064	477061
4572065	2769373
4572066	4572067
4572066	4572329
4572067	4572066
4572067	4572329
4572067	4572330
4572067	4572332
4572067	4574978
4572068	4572069
4572068	4572320
4572069	4572068
4572069	4572320
4572069	4574976
4572070	2344040
4572072	4572073
4572072	4572074
4572072	4572077
4572073	4572072
4572073	4574975
4572074	4572072
4572075	4568910
4572076	4570775
4572077	4572072
4572078	4572322
4572079	2723065
4572080	367573
4572080	456414
4572080	474689
4572080	641094
4572080	641385
4572080	890062
4572080	1056694
4572080	1057194
4572081	1152109
4572083	280928
4572083	474692
4572083	1107019
4572083	1107031
4572083	1107032
4572083	1108607
4572083	1119967
4572083	1332381
4572084	259225
4572084	474694
4572084	651992
4572084	651993
4572084	1289896
4572084	1456104
4572085	1891110
4572086	63362
4572086	408514
4572086	408677
4572086	474697
4572086	748818
4572086	748819
4572086	2373561
4572086	2395321
4572086	2395322
4572086	2395323
4572086	2395324
4572087	3739323
4572088	474698
4572090	319990
4572092	349064
4572094	773323
4572095	1356939
4572096	1354820
4572097	3825001
4572098	905813
4572098	942519
4572098	1517507
4572099	2244935
4572100	455947
4572101	1815286
4572102	3378116
4572103	3262364
4572104	802422
4572105	1814627
4572106	1686649
4572107	373216
4572108	3553386
4572109	342612
4572109	905813
4572109	942519
4572109	1517507
4572110	1087984
4572111	4311319
4572112	4311321
4572113	1682837
4572114	507792
4572115	1830499
4572116	1097919
4572117	767950
4572118	2591596
4572119	1543164
4572120	697818
4572121	2629269
4572122	186657
4572123	4531539
4572124	3350130
4572125	4495277
4572126	4495277
4572127	4495189
4572128	4495069
4572129	4531539
4572130	4494941
4572131	4494934
4572132	4495104
4572133	4495179
4572134	4495319
4572136	1189865
4572137	4495082
4572138	1189865
4572139	3410116
4572140	3410116
4572141	4107638
4572142	4571819
4572143	4571819
4572144	4571818
4572145	4571418
4572146	4571420
4572147	4571018
4572148	4571036
4572149	29139
4572150	4571965
4572151	4571951
4572152	4571452
4572153	4571886
4572154	1262162
4572155	4571450
4572157	4571664
4572158	2672645
4572159	4571221
4572160	4571221
4572161	4571680
4572162	1845239
4572163	2686385
4572164	4571680
4572165	2686385
4572166	4571666
4572167	2686385
4572168	4571672
4572169	4571255
4572170	4571685
4572171	338093
4572172	4256165
4572173	1883544
4572173	4572178
4572173	4572190
4572173	4572207
4572173	4572208
4572173	4572209
4572173	4572210
4572173	4574971
4572173	4574973
4572174	4256165
4572175	1260466
4572175	4572191
4572177	2162077
4572177	4572417
4572177	4572420
4572177	4572421
4572178	4572173
4572179	3162048
4572180	462694
4572181	462694
4572182	2203045
4572183	2203045
4572184	2011851
4572185	1492180
4572186	1492180
4572187	3129278
4572188	3129278
4572189	1416578
4572190	4572173
4572191	4572175
4572192	4571687
4572193	1089943
4572194	1492180
4572195	326591
4572196	4571197
4572197	1357323
4572198	266263
4572199	4571668
4572200	20776
4572201	20776
4572202	4571662
4572203	272075
4572204	4571662
4572205	4571886
4572206	2043955
4572207	4572173
4572208	4572173
4572209	4572173
4572210	4572173
4572211	1040629
4572212	1040629
4572213	3150000
4572214	3150013
4572215	3150013
4572216	3150013
4572217	4571466
4572217	4572613
4572218	4571933
4572219	1044818
4572220	1044818
4572221	4572222
4572222	4572221
4572223	4572224
4572223	4572225
4572224	4572223
4572225	4572223
4572226	4572227
4572226	4572228
4572227	4572226
4572228	4572226
4572229	4572230
4572229	4572231
4572230	4572229
4572231	4572229
4572232	4572233
4572232	4572238
4572232	4572239
4572233	4572232
4572234	4572236
4572234	4572237
4572235	1044818
4572236	4572234
4572237	4572234
4572238	4572232
4572239	4572232
4572240	4572241
4572240	4572242
4572241	4572240
4572242	4572240
4572243	4572244
4572243	4572245
4572244	4572243
4572245	4572243
4572246	4572247
4572246	4572248
4572247	4572246
4572248	4572246
4572249	4572250
4572249	4572251
4572250	4572249
4572251	4572249
4572252	4572253
4572252	4572254
4572253	4572252
4572254	4572252
4572255	4572256
4572255	4572257
4572255	4572258
4572256	4572255
4572257	4572255
4572258	4572255
4572259	905887
4572259	4572261
4572259	4572262
4572259	4572266
4572260	4572263
4572260	4572264
4572261	905887
4572261	4572259
4572261	4572262
4572261	4572266
4572262	905887
4572262	4572259
4572262	4572261
4572262	4572266
4572263	4572260
4572264	4572260
4572266	905887
4572266	4572259
4572266	4572261
4572266	4572262
4572267	4572268
4572267	4572271
4572268	4572267
4572269	4572270
4572270	4572269
4572270	4572415
4572270	4572416
4572270	4574902
4572271	4572267
4572272	35279
4572274	4572275
4572275	4572274
4572275	4572413
4572275	4572414
4572275	4574901
4572276	4572277
4572276	4572409
4572276	4572411
4572277	4572276
4572277	4572407
4572277	4572409
4572277	4572410
4572277	4572411
4572277	4574900
4572278	4572279
4572278	4572280
4572279	4572278
4572280	4572278
4572281	4572282
4572281	4572283
4572282	4572281
4572283	4572281
4572284	4572285
4572284	4572286
4572284	4572288
4572285	4572284
4572286	4572284
4572287	298469
4572288	4572284
4572289	4572290
4572289	4572291
4572290	4572289
4572291	4572289
4572292	4572293
4572292	4572296
4572293	4572292
4572294	4572295
4572295	4572294
4572295	4572405
4572295	4572406
4572295	4574703
4572296	4572292
4572297	4572401
4572297	4572402
4572297	4572404
4572297	4574702
4572298	4572299
4572298	4572301
4572299	4572298
4572301	4572298
4572302	1475095
4572302	4574701
4572303	2105257
4572303	4573495
4572303	4573498
4572303	4573500
4572303	4574700
4572304	2327701
4572304	4572397
4572304	4572399
4572304	4574698
4572305	3335181
4572305	4573140
4572305	4574697
4572306	593795
4572306	4573490
4572306	4573492
4572306	4573494
4572306	4574696
4572307	2216518
4572307	4572313
4572308	4572310
4572309	3323173
4572309	4572391
4572309	4572394
4572309	4574694
4572310	4572308
4572311	1978418
4572311	4572388
4572311	4572389
4572311	4572390
4572311	4574695
4572312	2184202
4572312	4572381
4572312	4572384
4572312	4572386
4572312	4574899
4572313	4572307
4572314	1026731
4572315	310898
4572316	310912
4572317	16683
4572318	132762
4572319	3294474
4572320	4572068
4572320	4572069
4572321	4571819
4572322	4572078
4572323	4571818
4572324	4571817
4572325	4568224
4572326	2648260
4572327	2648265
4572328	2648265
4572329	4572066
4572329	4572067
4572330	4572067
4572331	2648267
4572332	4572067
4572333	2648271
4572334	4572018
4572336	4572018
4572337	2648257
4572338	2648272
4572339	2648273
4572340	2648251
4572341	4571990
4572342	4571990
4572343	4571984
4572344	2648285
4572345	4571984
4572346	2648288
4572347	2648288
4572348	3229346
4572349	2648289
4572349	4572356
4572350	2648245
4572350	4572352
4572350	4572354
4572351	878523
4572351	3335839
4572352	2648245
4572352	3954847
4572352	4446690
4572352	4572350
4572353	4571740
4572354	2648245
4572354	3954847
4572354	4381423
4572354	4572350
4572355	2648245
4572355	3954847
4572355	4381423
4572356	2648289
4572356	3254330
4572356	4337849
4572356	4572349
4572357	4571740
4572358	3254330
4572359	2648913
4572359	3044470
4572361	4571732
4572363	4571732
4572364	4571652
4572365	1652321
4572365	1652333
4572366	420935
4572367	420935
4572368	4571652
4572369	45004
4572369	4572370
4572370	4572369
4572371	675098
4572372	420936
4572373	3800133
4572374	662285
4572375	4502540
4572376	550140
4572377	4197267
4572378	1620293
4572379	281621
4572380	759473
4572380	3433224
4572381	4572312
4572383	122382
4572383	3811136
4572384	4572312
4572385	3446226
4572386	4572312
4572387	3577565
4572388	4572311
4572389	4572311
4572390	4572311
4572391	4572309
4572391	4572398
4572392	266822
4572393	923860
4572393	1876143
4572393	2195475
4572393	4573287
4572393	4573298
4572393	4573310
4572394	4572309
4572395	4500522
4572395	4572396
4572396	4500522
4572396	4572395
4572397	4572304
4572398	4572391
4572399	4572304
4572400	321018
4572401	4572297
4572402	4572297
4572403	321018
4572404	4572297
4572405	4572295
4572406	4572295
4572407	4572277
4572407	4572409
4572407	4572411
4572408	2545725
4572409	4572276
4572409	4572277
4572409	4572407
4572409	4572411
4572410	4572277
4572411	4572276
4572411	4572277
4572411	4572407
4572411	4572409
4572412	2359994
4572413	4572275
4572414	4572275
4572415	4572270
4572416	4572270
4572417	4572177
4572418	1847846
4572419	1847846
4572420	4572177
4572421	4572177
4572422	47643
4572424	1126780
4572425	1126780
4572426	4572428
4572426	4572429
4572426	4572431
4572426	4572432
4572428	4572426
4572429	4572426
4572430	163708
4572431	4572426
4572432	4572426
4572433	837322
4572434	163708
4572435	837322
4572436	4572438
4572436	4572439
4572437	837322
4572438	4572436
4572439	4572436
4572439	4572594
4572440	163709
4572441	1869022
4572441	4574898
4572442	163709
4572443	4572445
4572443	4572447
4572444	163710
4572445	4572443
4572446	163710
4572447	4572443
4572448	4572450
4572448	4572452
4572448	4572453
4572448	4572455
4572449	163713
4572450	4572448
4572451	163713
4572452	4572448
4572453	4572448
4572454	163714
4572455	4572448
4572456	163714
4572457	4572459
4572457	4572461
4572457	4572462
4572457	4572464
4572458	163715
4572459	4572457
4572460	163715
4572461	4572457
4572462	4572457
4572463	163716
4572464	4572457
4572465	163716
4572466	4572467
4572466	4572469
4572467	4572466
4572468	163717
4572469	4572466
4572470	4572471
4572470	4572473
4572471	4572470
4572472	163717
4572473	4572470
4572474	163718
4572475	163718
4572476	4572477
4572476	4572478
4572476	4572480
4572476	4572481
4572476	4572482
4572476	4572483
4572477	4572476
4572478	4572476
4572479	163719
4572480	4572476
4572481	4572476
4572482	4572476
4572483	4572476
4572484	4572485
4572484	4572487
4572484	4572488
4572485	4572484
4572486	163720
4572487	4572484
4572488	4572484
4572489	163720
4572490	163721
4572490	4572510
4572491	163722
4572492	450096
4572492	4572493
4572492	4572494
4572493	4572492
4572494	4572492
4572495	163722
4572496	163723
4572497	163723
4572498	4572499
4572498	4572501
4572498	4572502
4572498	4572503
4572499	4572498
4572500	163724
4572501	4572498
4572502	4572498
4572503	4572498
4572504	163724
4572505	4572506
4572505	4572507
4572505	4572517
4572505	4572518
4572506	4572505
4572507	4572505
4572508	4572509
4572508	4572513
4572509	4572508
4572510	4572490
4572511	3825550
4572513	4572508
4572514	4495429
4572515	4572773
4572515	4574897
4572516	4495430
4572517	4572505
4572518	4572505
4572519	4495431
4572520	4495433
4572521	4495434
4572522	1259070
4572522	4572524
4572522	4572525
4572522	4572530
4572522	4572531
4572523	4495435
4572524	4572522
4572525	4572522
4572527	4564981
4572528	4495447
4572529	4495441
4572530	4572522
4572531	4572522
4572532	4495449
4572533	103013
4572534	4572535
4572534	4572537
4572535	4572534
4572536	4495451
4572537	4572534
4572538	4495452
4572539	103013
4572540	4495454
4572541	4495456
4572542	103014
4572543	4495460
4572544	103014
4572545	4495461
4572546	4495463
4572547	4495464
4572548	103015
4572549	4572551
4572549	4572554
4572549	4572558
4572550	4495469
4572551	4572549
4572552	103015
4572554	4572549
4572555	4495471
4572556	103017
4572557	4495472
4572558	4572549
4572559	103017
4572560	4495479
4572561	4495480
4572562	103018
4572563	4495481
4572564	4572565
4572564	4572567
4572565	4572564
4572566	4495482
4572567	4572564
4572568	4495484
4572569	4572571
4572569	4572577
4572569	4572579
4572570	103018
4572571	4572569
4572572	4495486
4572572	4495487
4572574	4495488
4572575	4495490
4572576	4495491
4572577	4572569
4572578	4495500
4572579	4572569
4572580	4495508
4572581	4495511
4572582	4572583
4572582	4572584
4572583	4572582
4572584	4572582
4572585	4495536
4572586	4495540
4572587	4572588
4572587	4572590
4572588	4572587
4572589	4495592
4572589	4495607
4572590	4572587
4572591	4572592
4572591	4572595
4572592	4572591
4572593	4495594
4572594	4572439
4572594	4572602
4572595	4572591
4572596	4495595
4572598	4495598
4572599	4495599
4572600	754684
4572600	4495600
4572602	4572594
4572603	4495602
4572605	4495613
4572606	4571940
4572606	4572616
4572608	4495621
4572609	4495624
4572609	4572620
4572610	4571466
4572610	4571695
4572611	4495626
4572612	4495627
4572613	4572217
4572614	4495629
4572615	4495632
4572616	4570720
4572616	4570721
4572616	4571940
4572616	4572606
4572616	4573179
4572616	4573180
4572617	4495637
4572618	4495638
4572619	4495641
4572620	4572609
4572621	4495643
4572622	4495645
4572623	4495642
4572624	4495649
4572625	4495651
4572626	4495652
4572627	4495655
4572628	4495656
4572629	4495657
4572630	4495658
4572631	4495710
4572632	4495720
4572633	4495726
4572635	4495727
4572636	4495728
4572637	4495730
4572638	4495733
4572639	4495734
4572640	4495735
4572641	4495736
4572642	4495738
4572643	4495739
4572645	4495741
4572646	4495742
4572647	4495743
4572648	4495744
4572649	4495745
4572649	4495746
4572651	4495800
4572652	4495802
4572653	4495804
4572654	4495811
4572655	4495817
4572656	4495818
4572657	4495821
4572659	4495833
4572660	4495834
4572661	4495840
4572662	4495844
4572663	4495845
4572664	4495846
4572666	4495849
4572667	4495851
4572668	4495852
4572669	4495981
4572670	4495982
4572671	4495983
4572672	4495984
4572673	4495985
4572674	4495986
4572675	4495993
4572676	4495996
4572677	4495999
4572678	4496000
4572679	4496002
4572680	4496004
4572681	4496022
4572682	4496024
4572683	4496026
4572684	4496027
4572685	4496033
4572686	4499887
4572687	4501396
4572688	4501397
4572689	4502049
4572690	4502051
4572691	4502053
4572692	4502054
4572694	4496325
4572695	4499673
4572696	2538534
4572697	2538688
4572698	1936366
4572699	287790
4572700	54950
4572701	40234
4572703	4497054
4572704	4500702
4572705	4500813
4572706	4497575
4572708	4496228
4572710	4496234
4572711	4496991
4572713	2011417
4572715	4500427
4572716	4495798
4572718	4497822
4572719	2641681
4572722	4565974
4572723	3089516
4572725	4574891
4572726	3153834
4572727	4574889
4572729	4573435
4572729	4573438
4572729	4573441
4572729	4574888
4572730	3153835
4572732	4497744
4572734	941282
4572736	2016645
4572737	2540415
4572739	4015351
4572740	4495776
4572741	4499564
4572745	3142899
4572747	4500426
4572749	1855166
4572750	2639659
4572752	2639783
4572753	2639900
4572754	954769
4572756	2639801
4572758	2639939
4572760	1164439
4572761	941310
4572763	2042646
4572765	4344055
4572767	2263542
4572769	2639590
4572773	4572515
4572774	4572776
4572776	4572774
4572776	4572777
4572777	4572776
4572780	2362168
4572781	2362169
4572782	2362233
4572783	4496571
4572784	4496573
4572787	2640608
4572788	289209
4572788	3413370
4572789	3428578
4572790	3185281
4572791	4012205
4572792	264786
4572792	1442686
4572793	4496570
4572794	244440
4572795	2641155
4572796	3144513
4572797	28033
4572798	258995
4572799	1839511
4572800	1893880
4572801	2531366
4572802	2640196
4572803	3162171
4572804	271856
4572805	29756
4572805	29780
4572805	192592
4572805	192616
4572805	192617
4572805	1038526
4572806	2538118
4572807	4495344
4572807	4495349
4572809	4494292
4572810	4494881
4572811	4496459
4572812	2393527
4572813	4498155
4572814	4494100
4572815	4495034
4572816	4529687
4572817	4530063
4572818	1022864
4572819	2006420
4572821	3178359
4572822	3178633
4572823	4494201
4572824	4494306
4572825	4494543
4572826	4529621
4572827	4529756
4572828	2799707
4572829	3047988
4572830	3308394
4572831	3315007
4572832	13533
4572832	31841
4572832	341584
4572832	3560746
4572832	4137301
4572833	50908
4572834	58741
4572835	237773
4572836	247465
4572838	2642362
4572839	3183605
4572840	2662738
4572841	3088338
4572842	3122896
4572844	886391
4572845	3691706
4572846	4572847
4572847	4572846
4572848	3527647
4572849	4572851
4572849	4572853
4572850	2370644
4572851	4572849
4572852	4571647
4572853	4572849
4572854	1225533
4572856	4572858
4572857	4572908
4572857	4572963
4572857	4572966
4572858	4572856
4572859	4572860
4572859	4572861
4572860	4572859
4572861	4572859
4572863	3698321
4572865	2864032
4572867	2976567
4572869	4572870
4572870	4572869
4572871	3434288
4572872	4572880
4572873	253614
4572875	2011791
4572876	2011791
4572878	2011791
4572879	1811814
4572880	4572872
4572881	1954936
4572882	3911023
4572883	3911023
4572884	4572887
4572884	4572888
4572884	4572897
4572885	2231217
4572885	4573422
4572885	4573424
4572886	924849
4572887	4572884
4572888	4572884
4572889	3210691
4572890	902828
4572891	2231217
4572892	3210691
4572894	3210691
4572896	3210691
4572897	4572884
4572897	4572909
4572898	238381
4572899	4090997
4572899	4572906
4572900	42155
4572901	3408878
4572902	2518312
4572903	1928822
4572904	29573
4572904	932325
4572906	4572899
4572908	4572857
4572909	4572897
4572910	408551
4572911	593737
4572912	2451516
4572912	4572919
4572913	2451516
4572914	2451516
4572915	2659776
4572915	4574645
4572915	4574653
4572916	3249655
4572917	311922
4572917	1800697
4572917	2566915
4572917	2566916
4572917	2829938
4572918	250676
4572919	4572912
4572920	2547935
4572920	2582462
4572920	2582463
4572921	553725
4572921	4573401
4572921	4573405
4572921	4574693
4572922	2582462
4572923	2145439
4572923	4573399
4572923	4574692
4572923	4574962
4572924	2145439
4572924	2145442
4572924	2148283
4572924	2150187
4572924	2230317
4572925	971049
4572926	223452
4572927	1685638
4572929	1421144
4572930	4384056
4572930	4574690
4572930	4574691
4572931	3465244
4572932	3419769
4572932	4572934
4572932	4572942
4572932	4572948
4572933	2545277
4572934	3419769
4572934	4572932
4572934	4572942
4572941	2545269
4572942	4572932
4572942	4572934
4572943	2545257
4572944	2713234
4572945	2358884
4572946	2792240
4572948	4572932
4572949	2359307
4572950	4572958
4572951	2359653
4572952	2359678
4572953	1918774
4572953	2523652
4572954	2062947
4572955	2359817
4572956	982206
4572957	982206
4572958	4572950
4572958	4572962
4572959	3185021
4572960	98601
4572961	98601
4572962	4572958
4572963	4572857
4572964	313760
4572965	434428
4572966	4572857
4572967	434428
4572968	434428
4572969	434428
4572970	313760
4572972	2920859
4572972	4224650
4572972	4572977
4572973	4224650
4572973	4572977
4572974	3958477
4572975	3958477
4572976	2414753
4572977	2920859
4572977	2920861
4572977	3867730
4572977	3867731
4572977	3867734
4572977	3867735
4572977	4572972
4572977	4572973
4572978	3498308
4572979	2262067
4572980	2262067
4572981	2262067
4572982	25037
4572983	2262067
4572984	1119712
4572985	1119712
4572985	4574672
4572985	4574673
4572986	2261636
4572986	4573000
4572987	2262067
4572988	1309061
4572988	4572990
4572988	4572991
4572989	2446730
4572989	4573036
4572989	4573042
4572990	4572988
4572991	4572988
4572991	4573001
4572991	4573393
4572991	4573469
4572991	4573530
4572992	1694965
4572992	4573027
4572993	4147165
4572994	3531052
4572995	3202203
4572996	3202203
4572997	2500542
4572998	2591470
4572999	2500542
4573000	4572986
4573001	4572991
4573002	2500542
4573003	1898460
4573004	320982
4573004	578980
4573004	857799
4573004	996110
4573004	1043750
4573004	1341900
4573004	1451037
4573004	1722278
4573004	2339934
4573004	3361207
4573004	3361209
4573004	4573005
4573004	4573006
4573004	4573007
4573004	4573008
4573005	996110
4573005	4573004
4573006	1451037
4573006	4573004
4573007	3361207
4573007	4573004
4573008	3361209
4573008	4573004
4573009	4367048
4573010	3330286
4573011	4199645
4573012	3200112
4573013	3200110
4573014	2007564
4573015	3151331
4573015	4573032
4573016	2007554
4573017	3392664
4573018	3200108
4573019	3484005
4573020	3185364
4573021	4391744
4573022	2539674
4573023	3918213
4573024	3918213
4573025	3200032
4573026	2539670
4573027	4572992
4573028	3918214
4573029	3918214
4573030	2018860
4573031	3918275
4573032	3151331
4573032	4331569
4573032	4573015
4573033	3724982
4573034	3918210
4573035	3918211
4573035	3918212
4573036	4572989
4573037	3918216
4573038	4573040
4573039	3918217
4573039	3918218
4573040	4573038
4573041	4012186
4573042	4572989
4573043	1751607
4573044	1860734
4573045	4015964
4573046	4573054
4573047	2026935
4573048	3620443
4573049	2539654
4573050	59950
4573051	1242840
4573052	3170584
4573053	1898157
4573054	4573046
4573055	1027548
4573055	1035104
4573055	1650691
4573055	4117269
4573055	4573075
4573056	2641429
4573057	4573064
4573058	4283125
4573059	1238251
4573060	3066873
4573061	4573062
4573061	4573079
4573061	4573084
4573061	4573089
4573061	4573175
4573061	4573177
4573061	4573201
4573062	4573061
4573062	4573079
4573062	4573089
4573063	3115669
4573064	4573057
4573065	2539717
4573066	2539714
4573067	2539711
4573068	2044851
4573069	3171878
4573071	1961241
4573072	1526669
4573073	3131635
4573074	4447196
4573075	4573055
4573076	1556958
4573076	4573077
4573076	4573080
4573077	1556958
4573077	1988545
4573077	4573076
4573078	721011
4573079	4573061
4573079	4573062
4573079	4573084
4573079	4573089
4573080	4573076
4573081	4004708
4573082	987313
4573083	1088759
4573083	1106356
4573083	1106986
4573083	1107003
4573083	2798066
4573084	4573061
4573084	4573079
4573085	1106693
4573085	1106697
4573085	1106973
4573085	1317340
4573085	1318443
4573085	1953115
4573085	2278327
4573086	3935591
4573087	2975165
4573088	1913285
4573089	4573061
4573089	4573062
4573089	4573079
4573090	3046309
4573091	4573093
4573092	1938160
4573093	4573091
4573094	1913285
4573096	4381200
4573097	454422
4573097	1056726
4573097	1211368
4573097	3035599
4573100	1833951
4573101	3610228
4573102	1454603
4573104	775132
4573105	3165774
4573106	2611968
4573106	2611969
4573108	4339315
4573108	4575007
4573109	4339315
4573111	4573118
4573111	4573135
4573111	4574245
4573111	4574677
4573111	4574678
4573111	4574679
4573114	1761375
4573117	788915
4573117	1181285
4573117	1442311
4573118	4573111
4573120	4497059
4573121	4499796
4573122	4499973
4573123	4500046
4573125	4500708
4573126	4500709
4573127	4500710
4573128	2643573
4573129	3037744
4573130	87272
4573131	1025363
4573132	4573133
4573133	4573132
4573134	4499450
4573135	4573111
4573136	69057
4573136	1317706
4573136	1551153
4573137	147519
4573138	69057
4573138	1317705
4573138	1551151
4573139	213540
4573140	4572305
4573141	41331
4573142	3434458
4573143	4499762
4573144	4500445
4573145	4500705
4573146	1766710
4573147	1990618
4573148	2642341
4573150	2663059
4573151	3479900
4573152	2014621
4573154	2372776
4573155	313842
4573156	2539112
4573157	254721
4573158	2540257
4573159	2542769
4573160	2641257
4573161	2642327
4573163	2652928
4573164	2834388
4573165	3097002
4573166	3121656
4573167	3148321
4573168	4015326
4573169	4320479
4573170	4499570
4573171	4500433
4573172	4500700
4573173	1232673
4573173	1234772
4573173	1234817
4573173	1293717
4573173	1678908
4573173	2820650
4573173	2905888
4573173	3751255
4573174	47568
4573175	4573061
4573176	266277
4573177	4573061
4573178	279136
4573179	4570720
4573179	4572616
4573180	4570720
4573180	4572616
4573181	288663
4573182	4570720
4573183	292844
4573184	1205622
4573185	1887490
4573186	1951721
4573187	2016631
4573188	2539582
4573189	2640983
4573190	4571466
4573191	2538606
4573192	4571466
4573193	2538696
4573194	801620
4573194	804783
4573194	1088726
4573194	1286027
4573194	4337714
4573195	99570
4573195	99622
4573196	2539240
4573197	99570
4573197	99622
4573198	2640534
4573199	4571466
4573200	2640995
4573201	4573061
4573204	3066970
4573206	3825550
4573207	3067057
4573209	3087955
4573210	3825550
4573212	3110430
4573213	108670
4573214	3431010
4573215	3825550
4573216	3442308
4573217	338779
4573217	368050
4573217	377812
4573217	435203
4573217	449628
4573217	462578
4573217	546507
4573217	547376
4573217	554118
4573217	656185
4573217	656406
4573217	688310
4573217	847501
4573217	1121718
4573217	1266377
4573217	1335631
4573217	1368203
4573217	2536616
4573217	3256490
4573217	3256531
4573217	4573324
4573218	1079164
4573219	4497003
4573220	4497450
4573221	4499505
4573223	60906
4573227	2548408
4573228	2548409
4573229	251515
4573230	2548410
4573232	2548411
4573233	2548412
4573235	2548413
4573236	2548414
4573237	2548415
4573238	2548416
4573241	2548417
4573242	2548419
4573243	1094925
4573244	1094927
4573245	1094928
4573246	1094929
4573247	1094930
4573248	280929
4573249	4496402
4573250	1094932
4573251	4086621
4573252	882946
4573253	882946
4573254	882946
4573255	882946
4573256	1094933
4573257	252601
4573258	813023
4573259	1094934
4573260	270751
4573261	764018
4573262	1094935
4573263	1094936
4573264	294458
4573265	4574190
4573265	4574191
4573265	4574193
4573266	1094937
4573269	3019266
4573270	1094938
4573271	1094939
4573272	305650
4573273	1094940
4573274	2982885
4573275	1094941
4573276	1094942
4573277	1831545
4573278	1094944
4573279	1815886
4573280	4496397
4573281	1094945
4573282	4496397
4573283	4573380
4573283	4573388
4573284	1094946
4573285	265969
4573287	4572393
4573288	64661
4573288	966721
4573288	1350661
4573289	4016996
4573290	4004634
4573291	2956122
4573292	2547425
4573293	2547426
4573294	2547426
4573296	2547428
4573297	2547428
4573298	4572393
4573299	2547429
4573299	3170980
4573300	4496381
4573301	4496381
4573302	2537575
4573303	4496380
4573304	2537576
4573305	2537577
4573306	2537578
4573307	3024111
4573308	3024111
4573309	2537580
4573310	4572393
4573311	2537581
4573312	2537582
4573313	2537584
4573314	2537585
4573315	2537586
4573316	2537587
4573317	2537588
4573318	2537589
4573319	2537590
4573320	2537591
4573321	2537592
4573322	2537593
4573323	2537594
4573324	21104
4573324	435203
4573324	583054
4573324	847501
4573324	1266377
4573324	2536616
4573324	4573217
4573325	45004
4573326	264229
4573327	45004
4573328	259313
4573329	4573331
4573330	4496405
4573331	4573329
4573331	4573336
4573333	439262
4573334	545857
4573335	545857
4573336	4573331
4573337	5133
4573338	239386
4573339	4496370
4573340	1719964
4573341	4496366
4573342	1719964
4573344	1095016
4573345	1095016
4573346	1453242
4573347	1453242
4573348	1723009
4573349	2110157
4573350	2110154
4573351	2110157
4573354	496111
4573354	737149
4573354	1036812
4573355	4496365
4573356	4496365
4573358	4573359
4573359	4573358
4573360	1867739
4573360	1877552
4573362	200777
4573362	370708
4573362	395820
4573364	1975693
4573365	1975693
4573366	1975693
4573367	1975693
4573370	3444400
4573372	4573375
4573375	4573372
4573375	4574116
4573378	4573379
4573378	4574081
4573378	4574104
4573379	4573378
4573379	4574081
4573379	4574104
4573380	4573283
4573382	4573397
4573385	1977030
4573387	3370655
4573387	4574671
4573388	4573283
4573389	2162286
4573389	4573682
4573390	3371139
4573391	3370653
4573391	4573668
4573393	4572991
4573394	888944
4573395	2713459
4573396	242849
4573397	4573382
4573398	3734736
4573399	4572923
4573400	2314862
4573401	4572921
4573402	4573403
4573403	4573402
4573405	4572921
4573409	2658163
4573409	4573466
4573409	4573470
4573409	4573471
4573410	4573416
4573411	4573946
4573415	4440445
4573415	4573650
4573415	4574670
4573416	4573410
4573417	911969
4573418	942100
4573418	1771487
4573418	1776463
4573418	2004839
4573418	4573642
4573420	4573433
4573421	1022632
4573422	4572885
4573423	2655688
4573424	4572885
4573426	2195237
4573426	3182943
4573426	3783880
4573426	4574669
4573429	958524
4573429	4574397
4573431	1015633
4573433	4573420
4573435	4572729
4573436	2658158
4573437	2658167
4573437	4574668
4573438	4572729
4573438	4574073
4573439	2864425
4573439	4574667
4573440	2739659
4573441	4572729
4573442	3684997
4573442	4573634
4573443	3947767
4573444	388333
4573445	560198
4573446	388333
4573448	906844
4573449	954375
4573450	2566845
4573450	4573539
4573451	2566845
4573451	3814190
4573451	3814191
4573451	4573540
4573452	1028378
4573453	1123577
4573455	1397285
4573456	1830550
4573457	1887826
4573458	1044151
4573458	4574663
4573458	4574664
4573458	4574665
4573460	279305
4573461	4496355
4573462	2030111
4573463	2494735
4573464	2538099
4573465	2639864
4573466	2658163
4573466	4573409
4573466	4573470
4573466	4573471
4573467	2639909
4573468	2640061
4573469	4572991
4573470	4573409
4573470	4573466
4573471	4573409
4573471	4573466
4573472	3066989
4573473	1491086
4573474	3096976
4573475	3170706
4573476	3733618
4573477	4497266
4573479	3142648
4573479	3744152
4573480	259642
4573481	266638
4573482	270736
4573483	3476643
4573487	274568
4573490	4572306
4573491	4574431
4573492	4572306
4573492	4574069
4573493	303022
4573494	4572306
4573495	4572303
4573496	304729
4573497	319368
4573498	4572303
4573498	4574062
4573499	387436
4573500	4572303
4573501	402409
4573502	4454287
4573505	4300443
4573509	462628
4573510	243764
4573511	1879958
4573511	4574662
4573512	2648285
4573512	4574055
4573513	2648285
4573514	430531
4573514	430534
4573514	430594
4573514	451271
4573514	1141627
4573514	2077645
4573514	2077814
4573515	20120
4573516	4149089
4573517	4149089
4573517	4573648
4573517	4573651
4573517	4573652
4573518	4149089
4573519	2266721
4573520	4496364
4573521	2266721
4573522	2720574
4573523	927279
4573524	2722375
4573525	2722375
4573526	3400315
4573527	3400315
4573527	4573646
4573528	3400315
4573529	3951581
4573530	4572991
4573531	3951581
4573531	4573639
4573532	3951581
4573533	3951581
4573534	73088
4573535	344899
4573535	413789
4573535	529851
4573535	2111616
4573536	434554
4573537	434554
4573538	434554
4573539	4573450
4573540	4573451
4573541	2210562
4573542	1087011
4573543	4496356
4573544	681316
4573545	82892
4573545	908918
4573545	2730627
4573546	271474
4573547	1866369
4573548	18465
4573549	1866369
4573550	4573553
4573550	4573629
4573551	44804
4573552	54534
4573552	4573555
4573553	4573550
4573554	242044
4573555	4573552
4573556	263568
4573557	271470
4573558	3484006
4573559	281395
4573561	4496352
4573562	3484006
4573562	4574029
4573563	2797449
4573565	4496350
4573566	4496350
4573568	4255971
4573572	4573574
4573572	4573613
4573573	3484006
4573574	4573572
4573575	268249
4573576	4493855
4573577	268249
4573578	3618822
4573579	268252
4573580	268252
4573581	268255
4573582	49106
4573583	301272
4573584	281529
4573585	281557
4573586	1114735
4573587	2700547
4573588	28683
4573589	240481
4573590	73278
4573591	326371
4573592	318663
4573593	2826629
4573594	718093
4573595	3529874
4573596	714761
4573597	2311060
4573598	2311060
4573599	2311059
4573600	2311059
4573604	4574168
4573606	173333
4573607	25037
4573607	759398
4573607	4573612
4573608	1686922
4573608	2194895
4573608	4573727
4573610	2775701
4573611	2775701
4573612	4573607
4573613	4573572
4573614	3100672
4573615	2012989
4573616	4496357
4573617	4496357
4573618	243260
4573619	243260
4573620	2016674
4573621	2300260
4573622	3100672
4573623	2300260
4573624	24666
4573625	33575
4573626	33575
4573627	869502
4573628	3183855
4573629	4573550
4573630	3723987
4573631	3723987
4573632	2044938
4573633	2044938
4573634	4573442
4573635	4232517
4573636	772353
4573637	2457518
4573638	4232517
4573639	4573531
4573640	4573641
4573640	4574661
4573641	4573640
4573642	4573418
4573643	3724999
4573644	3724999
4573645	373329
4573646	4573527
4573647	2754441
4573648	4573517
4573648	4573669
4573649	3722579
4573650	4573415
4573651	4573517
4573651	4573665
4573652	4573517
4573652	4573671
4573653	4232517
4573654	4573655
4573654	4574660
4573655	4573654
4573656	1579474
4573657	1579474
4573658	4573661
4573658	4574666
4573659	3919438
4573660	1739411
4573661	4573658
4573662	3202024
4573663	1601846
4573664	4478609
4573665	4573651
4573666	1601846
4573667	3202024
4573668	4573391
4573669	4573648
4573670	3041972
4573671	4573652
4573672	3041972
4573673	4573678
4573673	4574401
4573674	1265565
4573675	4478609
4573676	2973495
4573677	2060845
4573678	4573673
4573679	4573680
4573679	4574401
4573680	4573679
4573681	1268686
4573682	4573389
4573683	1781964
4573684	4573689
4573684	4573692
4573684	4573695
4573684	4574404
4573685	2067636
4573686	4496315
4573687	2067636
4573688	4496314
4573689	4573684
4573690	2754440
4573691	4496313
4573692	4573684
4573693	4496313
4573695	4573684
4573696	3476643
4573697	1505968
4573698	1505968
4573699	4478609
4573700	4242126
4573701	4573704
4573701	4573705
4573701	4574400
4573703	2912220
4573704	4573701
4573705	4573701
4573706	2912220
4573707	238452
4573708	244926
4573709	430594
4573710	430594
4573711	247699
4573712	3402447
4573715	1025031
4573716	3402447
4573717	3402447
4573719	3402447
4573721	3820503
4573724	3820503
4573725	268251
4573726	4359071
4573727	4573608
4573728	4392744
4573729	2556262
4573730	293108
4573731	4291348
4573732	802370
4573733	2859332
4573735	2859332
4573736	953533
4573737	4150918
4573738	3729875
4573740	3729875
4573741	4573932
4573741	4574412
4573742	1144602
4573743	2833934
4573744	3416828
4573745	2487697
4573746	2648829
4573749	36389
4573751	1192414
4573752	1092561
4573753	4498732
4573754	162759
4573755	3783126
4573756	162759
4573757	1887565
4573758	2208648
4573759	2273830
4573761	3783126
4573762	2273830
4573763	1934717
4573764	1683211
4573767	1683211
4573768	3977184
4573770	2639684
4573773	3977184
4573775	3977184
4573778	214165
4573779	3958917
4573780	1898009
4573782	46252
4573783	930070
4573786	4378691
4573787	874600
4573788	1196521
4573789	4378691
4573791	4574450
4573791	4574456
4573792	46253
4573793	3351833
4573794	508705
4573795	3820941
4573796	46253
4573797	2715377
4573799	3351843
4573800	3066916
4573801	4496569
4573802	2713594
4573803	2301402
4573804	2280296
4573805	1037071
4573806	4499457
4573807	268248
4573808	886288
4573809	4500019
4573810	4500019
4573811	2056984
4573812	4500699
4573813	3467635
4573814	18249
4573815	2713514
4573816	3467635
4573817	2458481
4573818	2208580
4573819	21486
4573820	3936653
4573821	1199191
4573822	29305
4573823	1527946
4573824	3814516
4573825	3936241
4573826	3738165
4573827	394318
4573828	3942300
4573830	3148418
4573831	2218145
4573832	3442306
4573833	2885428
4573835	3148420
4573837	2753461
4573838	678761
4573840	3131751
4573841	2796826
4573842	268260
4573843	2642139
4573844	3131751
4573845	68631
4573846	2547345
4573847	2543639
4573848	1951399
4573849	263905
4573851	238976
4573852	3914531
4573853	942739
4573854	3709100
4573855	242016
4573856	3203837
4573857	661220
4573858	2415765
4573859	307452
4573860	942743
4573861	2252608
4573862	279511
4573863	2236160
4573864	303919
4573866	1168444
4573866	4574268
4573867	1365863
4573868	1889724
4573868	4574267
4573869	1096524
4573871	4496315
4573872	1403689
4573872	4573884
4573873	2537160
4573874	4541273
4573875	1403689
4573875	4573884
4573876	4496324
4573877	4153492
4573878	3822963
4573879	2731874
4573880	1230940
4573881	2640671
4573882	2537167
4573883	4496313
4573884	1403689
4573884	4573872
4573884	4573875
4573885	2150553
4573886	3148357
4573887	62155
4573888	3421599
4573889	3820491
4573890	3470494
4573891	3818521
4573892	2540852
4573893	2002638
4573893	3421599
4573894	3927477
4573895	2457384
4573896	4573900
4573897	2269293
4573898	67558
4573899	68456
4573900	4573896
4573901	243677
4573902	4024970
4573903	279089
4573904	307174
4573905	1949191
4573906	4573908
4573907	953857
4573908	4573906
4573910	2737474
4573911	1403689
4573912	2737474
4573913	1144605
4573914	1949191
4573915	3097129
4573916	2268106
4573917	953791
4573918	1747260
4573919	954268
4573920	954844
4573921	1706696
4573922	3148448
4573923	26232
4573924	2535336
4573925	249895
4573926	2535336
4573927	667964
4573928	3097067
4573930	1898043
4573932	4573741
4573932	4573989
4573932	4574412
4573933	4573973
4573933	4573975
4573933	4574992
4573934	4573967
4573934	4573969
4573935	4017019
4573936	4017019
4573936	4573957
4573937	1334053
4573938	398970
4573939	4017019
4573940	2114902
4573941	4256483
4573942	4574205
4573943	403281
4573945	953943
4573946	4573411
4573946	4575134
4573947	416691
4573948	418628
4573949	418870
4573950	4256483
4573951	398970
4573952	289469
4573953	1839502
4573954	3170749
4573955	750206
4573956	4012761
4573957	4573936
4573958	426951
4573960	431049
4573961	1494275
4573963	431100
4573964	433502
4573965	3114171
4573966	750206
4573967	4573934
4573968	433592
4573969	4573934
4573971	433594
4573972	433616
4573973	4573933
4573974	433616
4573975	4573933
4573976	433643
4573978	954813
4573980	433881
4573981	434450
4573982	434454
4573983	434662
4573984	1669683
4573985	435199
4573985	435754
4573986	435747
4573987	1936517
4573989	4573932
4573989	4574412
4573990	435772
4573993	1970106
4573994	436769
4573995	436769
4573996	436979
4573997	442064
4573998	803307
4573998	4574046
4574000	436769
4574001	449045
4574001	853133
4574002	803307
4574003	449158
4574004	449205
4574005	450106
4574006	453484
4574007	3419999
4574008	345255
4574010	456025
4574011	456179
4574012	3737651
4574014	456671
4574015	457741
4574016	462578
4574017	345255
4574019	464206
4574020	299866
4574021	464814
4574024	508349
4574027	2538126
4574029	4573562
4574031	518556
4574032	518556
4574033	2640310
4574034	525899
4574035	525899
4574036	528870
4574038	535287
4574040	537021
4574042	562752
4574043	579140
4574044	579141
4574046	4573998
4574046	4574060
4574047	599649
4574048	791826
4574049	603349
4574050	610139
4574051	2535336
4574051	2550660
4574051	2915576
4574052	2247196
4574053	619624
4574054	619684
4574055	4573512
4574056	3399458
4574057	4501807
4574059	619925
4574060	4574046
4574061	620095
4574062	4573498
4574063	245201
4574064	622803
4574065	803307
4574066	633502
4574067	640717
4574068	645044
4574069	4573492
4574070	2272102
4574071	645082
4574072	653440
4574073	4573438
4574074	687748
4574076	690559
4574077	2649246
4574078	701770
4574079	703077
4574080	1839435
4574080	1848887
4574080	1848929
4574081	4573378
4574081	4573379
4574081	4574092
4574082	2549353
4574083	704725
4574084	1749339
4574085	2650196
4574086	707182
4574087	707527
4574089	3728513
4574090	759351
4574091	760509
4574092	4574081
4574093	760524
4574094	761870
4574095	2542657
4574096	942744
4574096	4575036
4574097	4531944
4574097	4533626
4574101	770844
4574102	4529582
4574103	773584
4574104	4573378
4574104	4573379
4574105	781717
4574106	792546
4574107	942744
4574108	816062
4574109	27967
4574111	827234
4574112	827295
4574113	843957
4574114	847120
4574116	4573375
4574116	4574123
4574117	853167
4574118	854406
4574119	320138
4574120	942745
4574121	855962
4574122	1985650
4574123	4574116
4574124	855962
4574125	1504021
4574126	2958864
4574127	3258131
4574128	63718
4574128	4574160
4574132	3422255
4574133	4501839
4574134	2304086
4574135	1329391
4574137	3822171
4574138	4494370
4574139	1652457
4574140	3813003
4574141	4495947
4574143	2800086
4574145	2800043
4574146	2258369
4574149	3822171
4574150	2588419
4574152	3813003
4574153	2654261
4574154	3821937
4574155	3386122
4574156	3714570
4574157	4172926
4574158	4502624
4574160	63718
4574160	4574128
4574161	4025940
4574162	3738479
4574163	3775223
4574164	3738479
4574165	1923432
4574166	3732604
4574167	3732604
4574168	4573604
4574169	2026466
4574171	1821415
4574173	2026466
4574174	1821415
4574175	3725617
4574178	1963037
4574179	4501225
4574180	3689945
4574181	329205
4574182	2549393
4574183	2307965
4574185	2307965
4574186	1746278
4574187	2668542
4574188	3689945
4574189	1025602
4574190	4573265
4574191	4573265
4574192	3301402
4574193	4573265
4574194	3301402
4574195	2703227
4574196	320901
4574197	3930871
4574198	320901
4574199	792701
4574202	704761
4574203	3902345
4574205	4573942
4574209	3674673
4574210	4339315
4574211	1103056
4574213	1103056
4574215	328661
4574220	1432078
4574222	1432078
4574223	1505129
4574226	2653184
4574227	2653184
4574228	623007
4574230	4170303
4574232	3367619
4574234	3848001
4574236	2653184
4574237	2177938
4574239	1069438
4574241	1496880
4574243	601753
4574244	1909349
4574245	4573111
4574248	3160234
4574250	825405
4574252	1807917
4574253	3641880
4574254	2291958
4574257	3065289
4574263	671403
4574267	4573868
4574268	4573866
4574269	997749
4574269	1511284
4574271	2675292
4574271	2675295
4574271	2675296
4574271	2675303
4574272	3404212
4574273	434636
4574273	434637
4574273	748448
4574273	1106988
4574273	1478884
4574274	1511284
4574275	2295343
4574275	2330796
4574275	2331031
4574275	2630819
4574276	1974368
4574277	2295343
4574277	2403537
4574277	2403786
4574278	883028
4574278	883029
4574278	1148069
4574278	3349948
4574280	1798388
4574280	1799531
4574280	2345432
4574280	4574285
4574281	748286
4574281	1113672
4574281	4574290
4574282	908483
4574283	526241
4574284	1972752
4574284	1972754
4574284	1972757
4574284	1972759
4574284	1972761
4574284	1972765
4574284	1972769
4574284	3964887
4574284	3964888
4574284	4242533
4574284	4242534
4574284	4450341
4574285	4574280
4574286	579389
4574287	579389
4574287	1205618
4574288	446518
4574289	446518
4574290	4574281
4574291	4513696
4574291	4574296
4574291	4574297
4574291	4574299
4574291	4574983
4574292	579389
4574292	1205618
4574293	579389
4574294	1955345
4574294	2406214
4574294	3787163
4574295	49643
4574295	735724
4574295	4574298
4574296	4574291
4574297	4574291
4574298	49643
4574298	4574295
4574299	4513696
4574299	4574291
4574299	4574983
4574300	1806534
4574301	32972
4574302	467190
4574303	249311
4574303	897564
4574303	1522090
4574303	1580183
4574303	2677737
4574304	249311
4574304	897564
4574304	1522090
4574304	1580183
4574304	2677737
4574305	406382
4574306	3768222
4574308	288663
4574309	3820941
4574310	4015326
4574311	3733618
4574312	250249
4574313	1887826
4574314	274568
4574315	4501842
4574316	237773
4574317	690938
4574317	1207555
4574318	302932
4574319	1970106
4574320	786030
4574321	1669683
4574322	3177876
4574323	2287973
4574323	4574398
4574324	2247196
4574325	33357
4574326	2549353
4574327	2013089
4574327	2013721
4574327	2686758
4574328	2013089
4574328	2013722
4574328	2686759
4574329	791826
4574330	3399458
4574331	1919051
4574332	58174
4574332	180809
4574332	1388365
4574333	59260
4574333	435553
4574333	1366098
4574334	59260
4574334	435553
4574334	1366098
4574335	809314
4574336	2059963
4574336	2062822
4574336	2067009
4574337	3258051
4574338	3434458
4574339	1141194
4574340	4574395
4574341	4500700
4574342	544
4574342	1739
4574342	2897
4574342	3559
4574343	3442308
4574344	4160234
4574345	26732
4574346	4494292
4574347	38758
4574347	477958
4574348	4494292
4574350	271856
4574351	3162171
4574352	3067057
4574353	4497003
4574354	1830550
4574356	941310
4574357	4496571
4574358	2256597
4574359	18249
4574361	2372776
4574362	1847710
4574363	2642327
4574364	4574369
4574364	4574370
4574364	4574371
4574364	4574373
4574364	4574377
4574364	4574379
4574365	4500433
4574366	292844
4574367	2720076
4574368	1205622
4574369	4574364
4574370	4574364
4574371	4574364
4574372	3731262
4574373	4574364
4574374	2641429
4574375	2245787
4574376	2245787
4574377	4574364
4574378	1144602
4574379	4574364
4574380	2114902
4574381	2538606
4574383	4501839
4574387	27967
4574388	1028378
4574389	1259131
4574390	1259131
4574391	1028378
4574392	1259131
4574393	66218
4574394	40416
4574395	4574340
4574396	574204
4574397	4573429
4574398	4574323
4574400	4573701
4574401	4573673
4574401	4573679
4574403	3445749
4574404	4573684
4574405	4574415
4574406	4574407
4574406	4574408
4574406	4574409
4574406	4574413
4574406	4574659
4574407	4574406
4574408	4574406
4574409	4574406
4574410	1848341
4574411	4565889
4574412	4573741
4574412	4573932
4574412	4573989
4574412	4574640
4574413	4574406
4574414	1848341
4574415	4574405
4574416	4574417
4574416	4574418
4574417	4574416
4574418	4574416
4574419	4574421
4574419	4574424
4574420	4574422
4574420	4574425
4574421	4574419
4574421	4574424
4574422	4574420
4574423	2761598
4574424	4574419
4574424	4574421
4574424	4574639
4574425	4574420
4574426	2258299
4574427	2761598
4574427	4574440
4574428	1443113
4574429	1443113
4574430	2761598
4574431	4573491
4574432	4574433
4574432	4574434
4574432	4574435
4574433	4574432
4574434	4574432
4574435	4574432
4574436	4574439
4574439	4574436
4574440	4574427
4574445	2208439
4574447	370366
4574450	4573791
4574451	1813616
4574452	4574455
4574452	4574458
4574454	1813616
4574455	4574452
4574456	4573791
4574458	4574452
4574459	1813616
4574461	4574463
4574461	4574465
4574461	4574466
4574463	4574461
4574465	4574461
4574466	4574461
4574469	2093437
4574471	4574473
4574471	4574477
4574473	4574471
4574475	2093437
4574477	4574471
4574478	2093437
4574480	4574481
4574480	4574483
4574480	4574486
4574481	4574480
4574483	4574480
4574486	4574480
4574487	4574488
4574487	4574489
4574487	4574490
4574488	4574487
4574489	4574487
4574490	4574487
4574491	4574492
4574491	4574493
4574491	4574494
4574491	4574496
4574492	4574491
4574493	4574491
4574494	4574491
4574495	2325699
4574496	4574491
4574498	4574499
4574498	4574501
4574499	4574498
4574501	4574498
4574502	1094307
4574503	1094307
4574504	4574506
4574504	4574507
4574506	4574504
4574507	4574504
4574509	4574511
4574509	4574512
4574511	4574509
4574512	4574509
4574515	4574516
4574515	4574518
4574516	4574515
4574518	4574515
4574520	4574521
4574520	4574522
4574521	4574520
4574522	4574520
4574522	4574535
4574523	4574525
4574523	4574526
4574523	4574528
4574525	4574523
4574526	4574523
4574528	4574523
4574531	4574532
4574531	4574536
4574532	4574531
4574535	4574522
4574536	4574531
4574539	4574541
4574539	4574543
4574540	4574658
4574541	4574539
4574542	4574657
4574543	4574539
4574545	4574547
4574545	4574548
4574547	4574545
4574548	4574545
4574551	1733551
4574551	4574553
4574553	4574551
4574556	4574558
4574556	4574559
4574556	4574560
4574556	4574562
4574558	4574556
4574559	4574556
4574560	4574556
4574562	4574556
4574564	4574565
4574564	4574566
4574565	4574564
4574566	4574564
4574568	4574570
4574568	4574571
4574568	4574572
4574570	4574568
4574571	4574568
4574572	4574568
4574574	4574576
4574574	4574578
4574576	4574574
4574578	4574574
4574581	4574582
4574581	4574583
4574582	4574581
4574583	4574581
4574585	4574587
4574585	4574588
4574585	4574589
4574585	4574591
4574587	4574585
4574588	4574585
4574589	4574585
4574591	4574585
4574593	4574594
4574593	4574595
4574594	4574593
4574595	4574593
4574596	4574597
4574596	4574598
4574597	4574596
4574598	4574596
4574599	4574600
4574599	4574601
4574600	4574599
4574601	4574599
4574602	4574603
4574602	4574604
4574603	4574602
4574604	4574602
4574605	4574606
4574605	4574607
4574606	4574605
4574607	4574605
4574608	4574610
4574608	4574614
4574610	4574608
4574611	4574656
4574614	4574608
4574617	4574618
4574617	4574620
4574618	4574617
4574620	4574617
4574623	4574624
4574623	4574626
4574624	4574623
4574626	4574623
4574628	4574629
4574628	4574630
4574628	4574632
4574628	4574634
4574629	4574628
4574630	4574628
4574632	4574628
4574633	4574638
4574633	4574655
4574634	4574628
4574635	4574636
4574635	4574637
4574635	4574643
4574635	4574644
4574636	4574635
4574637	4574635
4574638	4574633
4574639	4574424
4574640	4574412
4574642	4571199
4574643	4574635
4574644	4574635
4574645	4572915
4574645	4574653
4574646	4254541
4574647	4253109
4574647	4574652
4574648	1556021
4574649	4254541
4574650	3184064
4574651	3171187
4574652	4574647
4574653	4572915
4574653	4574645
4574654	1117721
4574655	4574633
4574656	4574611
4574657	4574542
4574658	4574540
4574659	4574406
4574660	4573654
4574661	4573640
4574662	4573511
4574663	4573458
4574664	4573458
4574665	4573458
4574666	4573658
4574667	4573439
4574668	4573437
4574669	4573426
4574670	4573415
4574671	4573387
4574672	4572985
4574673	4572985
4574674	2370571
4574675	2378333
4574676	2379333
4574677	4573111
4574678	4573111
4574679	4573111
4574684	4571861
4574685	4574754
4574685	4574755
4574687	2569934
4574688	2569934
4574689	2569934
4574690	4572930
4574691	4572930
4574692	4572923
4574693	4572921
4574694	4572309
4574695	4572311
4574696	4572306
4574697	4572305
4574698	4572304
4574699	1682338
4574700	4572303
4574701	4572302
4574702	4572297
4574703	4572295
4574704	4571817
4574705	4571817
4574706	4571600
4574707	4571600
4574708	4571478
4574709	4571453
4574710	4571453
4574711	4571451
4574712	4571451
4574713	4571195
4574715	4571008
4574716	4571006
4574717	4571006
4574718	4571003
4574719	4570996
4574720	4570995
4574722	4570985
4574723	4570984
4574724	4570983
4574725	4570983
4574726	4570982
4574727	4570970
4574728	4570969
4574729	4570967
4574730	2042890
4574731	4570966
4574732	4570965
4574733	4570901
4574734	4570720
4574736	4570710
4574737	4570519
4574738	4569171
4574739	2042890
4574742	4568119
4574744	4568121
4574746	4568105
4574747	4567997
4574748	4567970
4574749	2042890
4574750	4567882
4574751	4567882
4574753	4567872
4574754	4574685
4574755	4574685
4574756	464592
4574757	4495968
4574758	4499061
4574759	4499845
4574761	4013872
4574762	4494171
4574763	4498556
4574764	734031
4574765	4500311
4574766	4575052
4574767	2012715
4574768	734031
4574769	4495419
4574770	4495881
4574771	4498844
4574772	4499020
4574773	4499370
4574774	4499850
4574775	2013970
4574776	4493812
4574777	4497671
4574778	4498840
4574779	4498976
4574780	4498978
4574781	4499676
4574782	4501913
4574783	2539513
4574784	2821345
4574785	3183393
4574786	3818637
4574787	4495877
4574789	4498503
4574790	4498751
4574791	4499294
4574792	4498501
4574793	4575050
4574794	4498923
4574795	4499538
4574796	27951
4574797	301647
4574799	2821063
4574802	1223631
4574805	2376558
4574807	3150754
4574809	64640
4574810	288017
4574813	2537205
4574815	3150456
4574816	258895
4574818	3178324
4574819	3178324
4574822	4575049
4574824	3178335
4574827	3178345
4574829	3178371
4574829	3178372
4574831	3178371
4574834	3178530
4574835	3178558
4574835	3178613
4574836	3178560
4574839	3178582
4574841	3178590
4574842	3178595
4574844	3178614
4574846	3178615
4574848	3178617
4574850	3181105
4574851	3181106
4574852	3181117
4574853	3181121
4574857	3189147
4574858	3189152
4574859	3191814
4574860	3192889
4574862	3195700
4574866	3199820
4574867	3199822
4574868	4575048
4574870	3199823
4574872	3199830
4574875	3199857
4574878	3199859
4574883	3211810
4574884	3213033
4574885	3213084
4574886	3291239
4574887	3309755
4574888	4572729
4574889	4572727
4574890	3311047
4574891	4572725
4574892	3312726
4574893	3313074
4574894	3313120
4574895	3315162
4574896	3327811
4574897	4572515
4574898	4572441
4574899	4572312
4574900	4572277
4574901	4572275
4574902	4572270
4574903	65939
4574905	4575046
4574906	4574907
4574907	4574906
4574908	3179775
4574909	2263956
4574910	2263956
4574912	707242
4574913	1487356
4574914	2673927
4574915	3162127
4574916	3181539
4574917	4486518
4574918	2240479
4574919	385727
4574920	3063348
4574921	3063348
4574923	2026453
4574924	2033642
4574925	2826699
4574926	3527216
4574927	4574929
4574928	238445
4574929	4574927
4574930	960342
4574931	1534689
4574932	1925353
4574933	273099
4574934	2019146
4574935	2031338
4574936	25859
4574937	697837
4574938	1341438
4574939	2042660
4574940	1341439
4574941	2042623
4574942	1955049
4574943	4568612
4574944	1505129
4574945	4568503
4574946	4568424
4574947	4568384
4574948	4559296
4574949	4559277
4574950	331310
4574951	707478
4574952	331321
4574953	331325
4574954	331336
4574955	595563
4574956	331401
4574957	2644317
4574958	3174757
4574959	71489
4574960	1883037
4574961	1883069
4574962	4572923
4574963	4574969
4574964	2007662
4574965	2325177
4574966	4571818
4574967	3717636
4574968	2361169
4574969	4574963
4574970	3532130
4574971	4572173
4574972	2012503
4574973	4572173
4574974	2210879
4574975	4572073
4574976	4572069
4574977	2361260
4574978	4572067
4574979	4571819
4574980	2050500
4574981	4570969
4574982	4569386
4574983	4513696
4574983	4574291
4574983	4574299
4574984	2210880
4574985	4574987
4574986	2290385
4574987	4574985
4574988	2016750
4574989	4568780
4574990	4568125
4574991	906889
4574992	4573933
4574993	4568125
4574994	4568105
4574995	2050499
4574996	4574997
4574997	4574996
4574998	2308067
4574999	4566557
4575000	4566557
4575001	4565987
4575002	4565924
4575003	4565920
4575004	4339315
4575005	4565848
4575006	4565848
4575007	4339315
4575007	4573108
4575008	4565765
4575009	4565765
4575010	4563609
4575011	2044994
4575012	4563355
4575013	2354187
4575014	2547935
4575015	1868102
4575016	3004201
4575016	4575042
4575017	1868103
4575018	4575019
4575018	4575024
4575018	4575069
4575018	4575075
4575019	4575018
4575020	1868321
4575022	2011699
4575023	2033194
4575024	4575018
4575024	4575069
4575024	4575075
4575025	3004201
4575025	4575040
4575026	2642714
4575027	1886164
4575028	2555169
4575029	1897741
4575030	2012407
4575031	2240935
4575032	1950820
4575032	2301894
4575033	2544722
4575034	2642311
4575035	2643277
4575036	942744
4575036	4574096
4575037	1868104
4575038	1877535
4575040	4575025
4575041	2026954
4575042	4575016
4575043	1867878
4575045	2030072
4575045	4575066
4575046	4574905
4575047	3223241
4575048	4574868
4575049	4574822
4575050	4574793
4575051	1242964
4575052	4574766
4575054	1028052
4575055	4571007
4575056	1199297
4575057	4570971
4575059	4568878
4575061	1550060
4575062	4568873
4575063	4568783
4575064	4568780
4575065	4568490
4575065	4575072
4575066	4575045
4575067	4568224
4575068	2042641
4575069	4575018
4575069	4575024
4575069	4575075
4575070	2414046
4575071	4567849
4575071	4575074
4575072	4575065
4575073	4567849
4575074	4575071
4575075	4575018
4575075	4575024
4575075	4575069
4575076	2455422
4575076	4575078
4575077	4567837
4575078	4575076
4575079	4567836
4575080	4567831
4575081	4567831
4575082	4567816
4575083	4567810
4575084	4567809
4575085	4567804
4575087	4567802
4575088	2140359
4575089	4567800
4575090	3255428
4575091	4567798
4575092	2325178
4575093	4567797
4575094	4567798
4575095	2642020
4575096	4566348
4575097	66645
4575098	4566046
4575099	1453752
4575100	4566029
4575101	4566028
4575102	1884436
4575103	4566004
4575104	1884515
4575105	4566003
4575106	4565998
4575107	705425
4575108	4565987
4575109	4565923
4575110	4565922
4575111	4565850
4575112	4575115
4575113	4565848
4575114	4565848
4575115	4575112
4575116	4565845
4575117	4565827
4575118	39638
4575119	3735935
4575120	1901805
4575121	1901805
4575122	1901805
4575123	314969
4575124	4565834
4575125	4575126
4575126	4575125
4575127	3442306
4575128	3912836
4575129	3912836
4575130	3912836
4575131	3912836
4575132	3912836
4575133	3912836
4575134	4573946
4575135	2445230
4575136	3189012
4575138	2113850
4575139	3344471
4575140	1553884
4575141	1821155
4575142	680991
4575143	4494795
4575144	32587
4575145	1310433
4575146	32587
4575147	32587
4575148	3663233
4575152	582121
