9823857	3714972
9823858	4401051
9823859	5446079
9823860	5643190
9823861	7008538
9823862	9823863
9823863	9823862
9823864	3070404
9823865	7578628
9823866	5310896
9823867	3942025
9823868	9671598
9823869	3979330
9823870	37392
9823871	3348039
9823871	4617855
9823871	4624180
9823871	4624181
9823872	3236593
9823873	9823881
9823874	6792749
9823875	2049816
9823876	5798229
9823878	9823879
9823879	9823878
9823879	9825762
9823881	9823873
9823881	9825748
9823882	9823563
9823882	9823883
9823883	9823563
9823883	9823882
9823884	9825755
9823888	9823889
9823889	9823888
9823890	49024
9823895	9825744
9823896	9823898
9823897	9824082
9823898	9823896
9823912	9823929
9823914	9823915
9823915	9823914
9823929	9823912
9823932	9823933
9823933	9823932
9823935	9823461
9823937	5296528
9823938	9823945
9823940	2499672
9823940	9823944
9823940	9823946
9823942	9823943
9823943	9823942
9823944	2499672
9823944	9823940
9823944	9823946
9823945	9823938
9823946	2499672
9823946	9823940
9823946	9823944
9823948	9823952
9823949	9823958
9823950	1425424
9823950	7354437
9823952	9823948
9823953	7354440
9823953	7354441
9823954	9823955
9823955	9823954
9823958	9823949
9823959	9823461
9823962	2335896
9823963	2335896
9823964	9823965
9823964	9823970
9823964	9823971
9823964	9824097
9823965	9823964
9823965	9823970
9823965	9823971
9823965	9824097
9823966	8634209
9823966	8946734
9823967	9823969
9823968	9756722
9823968	9823972
9823969	9823967
9823970	9823964
9823970	9823965
9823970	9823971
9823970	9824097
9823971	9823964
9823971	9823965
9823971	9823970
9823971	9824097
9823972	9756722
9823972	9823968
9823973	6026267
9823973	6026659
9823975	9823976
9823976	9823975
9823978	9823979
9823979	9823978
9823981	9823982
9823982	9823981
9823983	9823984
9823984	9823983
9823985	9823986
9823986	9823985
9823987	9823988
9823988	9823987
9823990	9823993
9823993	9823990
9823994	9823996
9823995	1218757
9823996	9823994
9823997	2482684
9823997	9824008
9823998	9824000
9823999	9824001
9824000	9823998
9824001	9823999
9824004	9824005
9824005	9824004
9824008	9823997
9824009	3762175
9824009	8800468
9824009	9825313
9824009	9825314
9824009	9825354
9824010	2785721
9824010	7521611
9824011	8946849
9824011	8946850
9824012	4329359
9824012	8914666
9824013	8662819
9824013	8662820
9824014	8914666
9824015	2531573
9824016	9824017
9824017	9824016
9824018	1020499
9824019	3401487
9824021	8356863
9824022	8356863
9824023	6663789
9824023	6853712
9824023	6853716
9824025	8794660
9824031	2638265
9824038	9824039
9824039	9824038
9824047	6256442
9824047	6929462
9824082	9823897
9824091	9824095
9824093	9307
9824093	20086
9824093	357164
9824093	405152
9824093	677625
9824093	677628
9824093	827672
9824093	1517509
9824093	2520862
9824093	3769392
9824093	7493068
9824095	9824091
9824096	237836
9824096	2981107
9824096	6873425
9824096	8626510
9824097	9823964
9824097	9823965
9824097	9823970
9824097	9823971
9824098	1115697
9824098	2431170
9824100	3688200
9824102	3688200
9824104	4316959
9824104	4316966
9824104	4328110
9824106	620573
9824106	620574
9824106	2413729
9824106	3704221
9824106	5022826
9824106	6143239
9824106	6143240
9824106	9824107
9824107	620573
9824107	620574
9824107	2413729
9824107	3704221
9824107	5022826
9824107	9824106
9824109	3375446
9824109	3375449
9824109	5244111
9824109	5244140
9824110	1507347
9824110	5022826
9824110	5507916
9824111	239928
9824111	2350913
9824111	2354122
9824111	2412648
9824111	3455681
9824111	3827474
9824111	3827475
9824111	4413332
9824112	239928
9824112	2350913
9824112	2354122
9824112	2412648
9824112	3455681
9824112	3827474
9824112	3827475
9824112	4413332
9824114	586519
9824115	9432432
9824116	9432432
9824117	3601135
9824117	3603059
9824117	5516906
9824119	3601135
9824119	3603062
9824120	3601135
9824120	5516907
9824123	3816843
9824123	4505295
9824123	6915493
9824127	386409
9824127	698629
9824127	1197184
9824127	1962654
9824127	6904344
9824127	6904346
9824127	6904347
9824134	9822860
9824135	991996
9824135	992001
9824135	2115763
9824135	3534656
9824135	4730211
9824138	295229
9824138	4836893
9824138	9824140
9824140	131828
9824140	295229
9824140	2311749
9824140	3263663
9824140	3263664
9824140	4836893
9824140	5170217
9824140	9824138
9824142	7306596
9824144	3567228
9824144	4095193
9824144	6861854
9824144	6907270
9824144	6907271
9824144	6907274
9824148	3331070
9824148	3558415
9824148	6894635
9824148	6894636
9824148	6894637
9824148	6894638
9824151	3331070
9824153	3331070
9824154	3331070
9824155	3331070
9824156	5798702
9824157	5798702
9824158	2963304
9824159	3331070
9824160	8475677
9824163	1174867
9824165	1174867
9824166	1174867
9824167	1421607
9824168	1174867
9824169	8410324
9824171	8946201
9824172	4500694
9824174	2956796
9824175	2956796
9824176	2956796
9824177	2653656
9824178	7383205
9824179	3115757
9824179	4319012
9824180	7383205
9824182	3402444
9824183	3115757
9824184	3402444
9824186	2730472
9824187	2507938
9824190	3920093
9824192	5048994
9824193	5124800
9824195	8984767
9824196	8984767
9824197	1965211
9824199	917195
9824199	922056
9824199	1336443
9824199	1805158
9824199	1805160
9824199	4616030
9824201	6358634
9824201	6395488
9824201	8491859
9824201	8491860
9824201	9053479
9824201	9053480
9824204	2380078
9824204	6892531
9824208	1778686
9824210	22742
9824210	624295
9824210	992640
9824210	994340
9824210	1778686
9824211	7611578
9824212	9753043
9824213	9773885
9824214	9773886
9824215	9773888
9824216	9773889
9824217	9763993
9824218	9773890
9824219	9773893
9824220	9773893
9824221	3798230
9824221	3798231
9824221	4717018
9824221	6918751
9824222	9773894
9824223	9773894
9824224	9793496
9824225	9800414
9824226	7611533
9824227	9800545
9824228	2666942
9824229	9050294
9824230	9115125
9824231	6772461
9824231	8457844
9824231	9053452
9824232	9714501
9824233	9714580
9824234	9714732
9824235	6772461
9824236	9714741
9824237	9714749
9824238	3908172
9824238	4635163
9824238	5574201
9824238	8929410
9824238	9317593
9824238	9317595
9824239	9753043
9824241	3908172
9824241	4635164
9824241	5574197
9824244	3908171
9824244	4635161
9824244	5574198
9824244	9317587
9824245	3908171
9824245	4635162
9824245	5574196
9824247	2475161
9824247	9824250
9824248	2646793
9824248	3784370
9824248	3784371
9824248	3784632
9824248	3784741
9824248	4399057
9824248	4712526
9824248	6915461
9824249	2475161
9824250	1893941
9824250	2046701
9824250	2154820
9824250	2475161
9824250	2880719
9824250	4198251
9824250	9824247
9824252	9736235
9824255	9736279
9824258	9736279
9824260	2475161
9824261	511481
9824261	1082672
9824261	1082673
9824261	1085512
9824261	1991609
9824261	4264169
9824261	4270929
9824261	4409597
9824261	4712687
9824261	6122446
9824263	2519739
9824265	2164143
9824265	2164150
9824265	5513345
9824265	6554061
9824265	7943398
9824265	8347014
9824269	305924
9824269	6920811
9824270	4505031
9824271	8873497
9824272	1187824
9824272	1187828
9824272	1194882
9824272	1195338
9824272	1195370
9824272	1195371
9824272	1277087
9824272	1400855
9824272	1585523
9824272	1632389
9824272	2368481
9824272	3313613
9824272	4480584
9824272	4712654
9824272	6767904
9824274	1400452
9824274	3790678
9824274	4480548
9824274	4712624
9824274	7971287
9824275	2182807
9824275	2377921
9824275	6891827
9824279	22812
9824279	1602002
9824279	3693754
9824279	7701415
9824281	1798185
9824281	2151297
9824281	2151298
9824281	4728475
9824290	42849
9824294	2649774
9824294	2649775
9824294	2658676
9824294	6904351
9824294	6904352
9824300	4713633
9824305	2648574
9824305	5604948
9824305	7906988
9824305	7972604
9824319	1062745
9824319	5656965
9824321	9801778
9824325	9824328
9824328	9824325
9824331	1848749
9824332	2564658
9824333	9824335
9824334	2309379
9824335	9824333
9824336	4121203
9824340	1062745
9824340	1062841
9824340	1152237
9824340	6585479
9824340	6891824
9824341	2232883
9824342	1062745
9824342	1152237
9824342	2607654
9824342	6585480
9824343	1062745
9824343	1152237
9824343	5574085
9824350	5203250
9824350	9824584
9824353	601038
9824353	601100
9824353	3793638
9824353	3793640
9824353	6902477
9824353	6902479
9824357	9774953
9824357	9824367
9824357	9824386
9824358	69515
9824358	916966
9824358	1230752
9824358	2496439
9824358	3019433
9824358	3346366
9824358	4342282
9824358	4712690
9824360	69515
9824360	1230752
9824360	3346366
9824365	69515
9824365	1230752
9824365	3019436
9824365	3256858
9824365	3346366
9824365	7836434
9824367	9774953
9824367	9824357
9824368	69515
9824368	1230752
9824368	3346366
9824370	69515
9824370	1230752
9824370	2309426
9824370	3256855
9824370	3346366
9824370	7836433
9824371	9824378
9824371	9824382
9824378	9824371
9824379	3794563
9824379	3794566
9824379	4728428
9824380	3794563
9824380	3794566
9824380	4728428
9824382	9824371
9824383	9175288
9824384	9705162
9824385	2644705
9824385	2646752
9824385	3810555
9824385	4399818
9824385	4712882
9824385	5326640
9824385	5326641
9824385	6396476
9824385	8874632
9824386	9824357
9824387	9490079
9824389	9397978
9824390	881963
9824391	1079091
9824391	1144197
9824391	1254148
9824391	1254149
9824391	1280399
9824391	1368097
9824391	2138754
9824391	2732788
9824391	2820642
9824391	6918780
9824392	881963
9824393	9758988
9824394	9421720
9824395	7491814
9824396	9190852
9824397	802739
9824398	5386035
9824399	2202835
9824399	2597624
9824399	3836912
9824399	5316985
9824399	9253909
9824400	5386036
9824404	9486858
9824406	5386038
9824407	9824408
9824408	9824407
9824409	773338
9824409	1892772
9824409	1892774
9824409	6918783
9824410	8658781
9824411	773338
9824411	4036263
9824411	5958090
9824412	773338
9824412	1892772
9824412	1892774
9824412	6918783
9824413	773338
9824413	4036263
9824413	5958090
9824414	7770120
9824416	9302247
9824418	4846262
9824419	2208970
9824422	8444160
9824423	5592314
9824425	9526124
9824428	9608837
9824430	4846304
9824438	6900380
9824438	6900383
9824438	7949529
9824440	6900380
9824440	9455938
9824443	7999110
9824448	3809129
9824448	3811227
9824448	4916923
9824450	8814717
9824452	5624378
9824455	5573209
9824456	5573209
9824457	9695897
9824458	9729350
9824465	8245131
9824466	7789478
9824467	4846317
9824468	9409884
9824471	5687445
9824472	6889739
9824474	6766411
9824475	5488497
9824476	8854533
9824477	8462339
9824479	4457832
9824480	4846319
9824483	5565336
9824485	2391171
9824487	2391171
9824489	2858259
9824491	2858259
9824492	9193402
9824495	5506793
9824497	9480580
9824498	4375277
9824499	9480580
9824501	1503669
9824502	1501321
9824503	9008965
9824504	9689020
9824506	5639451
9824516	680415
9824516	9824606
9824517	5564394
9824520	1838632
9824522	1612740
9824526	2665791
9824530	4846251
9824531	687488
9824531	687489
9824537	5704216
9824537	5704220
9824537	5704221
9824537	5704222
9824537	5704223
9824542	7611021
9824544	7495880
9824545	5604097
9824546	8583084
9824547	9824585
9824547	9824592
9824557	5607939
9824558	6260306
9824565	4999763
9824578	3733241
9824584	5203250
9824584	5432323
9824584	7323849
9824584	9824350
9824585	9824547
9824586	5496186
9824587	5604544
9824589	999620
9824591	5042951
9824592	9824547
9824594	9391567
9824597	7266667
9824598	2398002
9824603	9136632
9824604	5104606
9824605	5104606
9824606	9824516
9824617	9755167
9824617	9755168
9824624	7772194
9824627	5565660
9824628	4750999
9824629	3815917
9824631	3815917
9824632	6159230
9824639	5574991
9824640	1389498
9824643	5518328
9824645	5483189
9824646	1611545
9824651	5608052
9824654	5608052
9824656	2523545
9824657	5609499
9824661	5586418
9824663	7800413
9824664	5595010
9824665	5595010
9824670	238532
9824671	5579668
9824677	4703617
9824678	5938574
9824679	5938574
9824681	3013946
9824689	5583664
9824696	9702459
9824696	9703999
9824696	9733276
9824700	1370287
9824701	5488422
9824702	680415
9824702	9824736
9824703	5536559
9824704	5418502
9824705	5479404
9824705	9824927
9824706	5413222
9824707	16129
9824707	2230048
9824707	9735573
9824709	4323964
9824717	3450460
9824718	8154893
9824720	8154893
9824723	4082249
9824725	1996378
9824726	9296920
9824727	8369417
9824730	1602932
9824736	680415
9824736	1468193
9824736	9824702
9824738	680415
9824742	6798059
9824744	968115
9824745	968115
9824745	2852851
9824748	5386641
9824749	1823679
9824751	8983664
9824751	8983665
9824751	8983666
9824751	8983667
9824751	8983668
9824754	2029398
9824755	2029398
9824758	999574
9824758	9825337
9824758	9825339
9824758	9825344
9824760	1102982
9824760	1148274
9824760	1921292
9824760	2074687
9824760	2086325
9824760	2086326
9824760	2445097
9824760	2509883
9824760	2510166
9824760	5993548
9824760	6198974
9824760	7676061
9824760	8466676
9824760	8466680
9824760	8677748
9824760	9042326
9824761	1102982
9824761	1148274
9824761	2509879
9824761	4917560
9824761	5993549
9824762	4411942
9824763	8345250
9824764	3647060
9824765	3647060
9824766	3647060
9824766	8847142
9824767	1436
9824767	393001
9824767	762412
9824767	1396179
9824767	3518354
9824767	4617822
9824767	5358623
9824767	8004018
9824768	9824771
9824769	5127703
9824770	1566021
9824771	9824768
9824772	251869
9824772	2778707
9824772	4323052
9824772	5948637
9824772	6873309
9824772	8847997
9824773	251869
9824773	5948638
9824773	6873309
9824773	8847998
9824774	892732
9824775	892732
9824776	4320020
9824777	6742648
9824778	4357656
9824779	780242
9824781	320014
9824782	5386626
9824783	5386626
9824785	779008
9824786	779008
9824788	774054
9824789	799203
9824793	9824794
9824794	9824793
9824796	487436
9824798	3914156
9824798	4489678
9824798	4489679
9824798	4489680
9824798	4489681
9824798	6018439
9824798	9824801
9824798	9824803
9824798	9824812
9824798	9824813
9824798	9824814
9824798	9824821
9824798	9824834
9824798	9824850
9824800	421252
9824801	3914156
9824801	4489678
9824801	4489679
9824801	4489680
9824801	4489681
9824801	6018439
9824801	9824798
9824801	9824803
9824801	9824834
9824803	9824798
9824803	9824801
9824803	9824834
9824804	678937
9824806	9824807
9824807	9824806
9824809	6686964
9824812	9824798
9824812	9824840
9824813	9824798
9824813	9824844
9824814	9824798
9824815	9824926
9824816	1386603
9824821	9824798
9824821	9824841
9824824	3914156
9824824	9824834
9824826	3914156
9824826	9824834
9824827	9824831
9824831	9824827
9824832	5850940
9824834	3914156
9824834	9824798
9824834	9824801
9824834	9824803
9824834	9824824
9824834	9824826
9824834	9824850
9824835	5850940
9824838	5850940
9824839	4530005
9824840	9824812
9824841	9824821
9824842	6263122
9824842	7179841
9824844	9824813
9824846	6248362
9824847	2877315
9824847	2880568
9824847	8453511
9824849	2268608
9824850	3914156
9824850	9824798
9824850	9824834
9824852	5798229
9824853	339282
9824854	1931235
9824856	1342120
9824858	9771200
9824860	366888
9824862	9824920
9824862	9824921
9824862	9824922
9824866	885412
9824867	270083
9824868	4291357
9824869	885412
9824869	1649915
9824871	270083
9824873	270083
9824874	9824935
9824877	802107
9824880	881072
9824883	903969
9824886	9248752
9824888	9489473
9824891	9824908
9824893	3526248
9824895	4006452
9824895	9825018
9824896	6377281
9824897	405759
9824899	9151554
9824899	9151602
9824899	9824900
9824899	9824901
9824900	9151554
9824900	9151602
9824900	9824899
9824900	9824901
9824901	9151554
9824901	9151602
9824901	9824899
9824901	9824900
9824903	4006452
9824903	4006460
9824903	9825012
9824904	8582144
9824904	8582145
9824904	9824905
9824904	9824906
9824905	8582144
9824905	8582145
9824905	9824904
9824905	9824906
9824906	8582144
9824906	8582145
9824906	9824904
9824906	9824905
9824907	934196
9824908	9824891
9824909	1575448
9824909	9728947
9824920	9824862
9824921	9824862
9824922	9824862
9824923	22266
9824924	873391
9824925	873391
9824926	9824815
9824927	9824705
9824930	375351
9824932	1325249
9824934	2085148
9824935	9824874
9824936	2334865
9824938	2334865
9824939	2334865
9824942	2334865
9824944	2334865
9824945	2334865
9824946	9423268
9824947	2334865
9824948	2334865
9824949	2334865
9824950	2334865
9824951	6298218
9824955	9096106
9824956	2508212
9824958	9825450
9824959	674610
9824964	837409
9824965	6842399
9824966	922376
9824970	2261262
9824970	2261626
9824970	2274072
9824970	2340077
9824970	4953970
9824970	9824971
9824971	2261262
9824971	2261626
9824971	2274072
9824971	2340077
9824971	4953970
9824971	9824970
9824972	9755167
9824972	9755169
9824972	9824974
9824972	9825010
9824973	1500143
9824974	9755167
9824974	9755169
9824974	9824972
9824974	9825007
9824974	9825008
9824975	2285799
9824979	951247
9824980	436310
9825002	1713547
9825003	1713547
9825004	6270145
9825004	9825005
9825005	9825004
9825006	2112073
9825007	9824974
9825008	9824974
9825009	3141958
9825010	9824972
9825011	3141958
9825012	4006460
9825012	9824903
9825014	2290370
9825015	2511770
9825016	2290370
9825018	9824895
9825021	6710563
9825022	635705
9825023	3624956
9825024	3879725
9825027	2647361
9825027	4340443
9825027	4732343
9825028	4340443
9825030	3894885
9825032	2549076
9825032	6130017
9825032	6131283
9825032	6636452
9825033	9195414
9825033	9825040
9825034	2392177
9825035	2126650
9825036	6228130
9825037	7646905
9825038	674487
9825039	7208176
9825040	9195414
9825040	9825033
9825040	9825928
9825041	7182058
9825042	9825045
9825043	5496998
9825044	7330394
9825045	9825042
9825046	8523575
9825047	3100887
9825048	3907562
9825048	9825051
9825048	9825927
9825050	8523575
9825051	3907561
9825051	3907562
9825051	4300516
9825051	4846210
9825051	6645334
9825051	9110791
9825051	9825048
9825052	6609999
9825052	9825053
9825052	9825054
9825053	6609999
9825053	9825052
9825054	6609999
9825054	9825052
9825055	430547
9825059	6273093
9825059	6610043
9825059	9825066
9825059	9825068
9825059	9825076
9825066	6273093
9825066	6610043
9825066	9825059
9825066	9825070
9825066	9825076
9825068	6273093
9825068	6610043
9825068	9825059
9825068	9825070
9825068	9825076
9825069	1553586
9825070	6273093
9825070	6610043
9825070	9825066
9825070	9825068
9825070	9825076
9825071	1553586
9825072	1572894
9825072	1572920
9825072	1572924
9825073	9254935
9825075	1572894
9825075	1572920
9825075	1572924
9825076	6273093
9825076	9825059
9825076	9825066
9825076	9825068
9825076	9825070
9825077	6660955
9825077	9825922
9825079	2006537
9825080	2438382
9825081	164735
9825081	249772
9825082	9825088
9825082	9825089
9825083	5741156
9825085	26698
9825086	3359710
9825086	7179864
9825086	9825919
9825087	3953431
9825088	9825082
9825088	9825089
9825089	9825082
9825089	9825088
9825090	2245225
9825091	3953431
9825092	3821242
9825093	512739
9825094	2541902
9825095	2469776
9825096	1676735
9825096	1676757
9825096	4237784
9825097	543415
9825098	9722421
9825099	3512039
9825100	3273266
9825100	3307384
9825101	6249400
9825101	6579140
9825101	6579143
9825101	6579503
9825101	8319862
9825101	9748427
9825102	512095
9825103	512095
9825104	512095
9825105	3619816
9825106	6985163
9825107	6985163
9825108	507952
9825109	6985163
9825110	3725662
9825111	2273787
9825112	2273787
9825113	2759704
9825114	2964581
9825115	2751480
9825116	34991
9825117	2273787
9825118	492460
9825119	2273787
9825121	2963413
9825122	8493283
9825125	8526774
9825130	4983648
9825132	6555848
9825133	7953110
9825135	6675897
9825136	9823656
9825138	1801649
9825139	6020457
9825142	1955037
9825143	1955037
9825144	2258986
9825146	2258986
9825147	7215980
9825148	489617
9825149	8276424
9825150	8276424
9825151	8276424
9825153	4918101
9825154	2713539
9825155	1028434
9825156	3387155
9825158	2270497
9825159	2270497
9825161	2270497
9825162	2270497
9825163	5319155
9825164	2329619
9825165	487727
9825166	2329619
9825167	5319155
9825169	9384940
9825170	9384940
9825171	5641551
9825172	5641551
9825174	1500617
9825175	2218337
9825176	2218337
9825177	6649308
9825178	6242113
9825179	69542
9825180	6649308
9825181	9194880
9825182	9194880
9825183	2890917
9825184	487677
9825185	261857
9825187	261857
9825188	487677
9825190	2973490
9825192	8543180
9825193	3183898
9825193	7169425
9825193	9514729
9825197	2216344
9825199	7494080
9825200	8508386
9825201	8508386
9825203	6995705
9825204	1026060
9825205	1026060
9825206	1026060
9825207	7156996
9825208	3592249
9825209	3592249
9825210	3592249
9825212	3592249
9825213	1891010
9825214	1891010
9825215	1891010
9825216	1891010
9825218	9176205
9825219	6263794
9825220	6263794
9825221	2646689
9825222	2646689
9825223	8009459
9825224	8009459
9825225	3170487
9825226	3170487
9825227	3170487
9825229	7961363
9825231	2539495
9825231	7217379
9825232	2539495
9825232	7217379
9825233	464767
9825235	954541
9825236	1730720
9825237	1730720
9825238	606716
9825239	308775
9825240	2547654
9825241	5738223
9825243	3721680
9825244	3310105
9825245	3310105
9825246	3818519
9825247	3818519
9825249	8871820
9825250	8871820
9825251	4606592
9825252	8099542
9825253	7240004
9825253	7240005
9825253	7240006
9825254	7240004
9825254	7240005
9825254	7240006
9825255	7240004
9825255	7240005
9825255	7240006
9825256	2408597
9825256	7240004
9825256	7240005
9825256	7240006
9825257	9240648
9825258	9240648
9825260	2646645
9825261	573929
9825262	4014027
9825262	6523378
9825263	8837772
9825263	8837776
9825263	8840413
9825264	8916453
9825265	5977999
9825265	7198972
9825266	5977999
9825266	7198972
9825267	7540268
9825268	2245954
9825269	2245954
9825272	6904999
9825276	8916453
9825276	9825280
9825277	8916453
9825277	9825280
9825279	8916453
9825279	9825280
9825279	9825286
9825280	8916453
9825280	9825276
9825280	9825277
9825280	9825279
9825280	9825285
9825281	50464
9825282	50464
9825285	8916453
9825285	9825280
9825286	9825279
9825287	6430021
9825287	6430022
9825288	6430021
9825288	6430022
9825289	6430021
9825289	6430022
9825291	8415883
9825292	33119
9825292	448929
9825292	1848490
9825293	3413132
9825297	7382572
9825298	1112342
9825300	9825445
9825302	5832804
9825302	9825304
9825303	5832804
9825303	9825304
9825304	5832804
9825304	9825302
9825304	9825303
9825305	236328
9825305	2994259
9825305	9825318
9825305	9825319
9825306	3024324
9825306	6337572
9825307	3024324
9825307	6337572
9825308	2375990
9825308	7520822
9825309	2375990
9825309	7520822
9825310	2375990
9825310	7520822
9825311	2375990
9825311	7520822
9825312	2375990
9825312	7520822
9825313	8800467
9825313	8800468
9825313	9824009
9825313	9825354
9825314	8800467
9825314	8800468
9825314	9824009
9825314	9825354
9825315	3361186
9825316	9165921
9825317	3259987
9825318	236328
9825318	2994259
9825318	9825305
9825319	236328
9825319	2994259
9825319	9825305
9825320	7902312
9825321	5166537
9825322	5166537
9825323	5166537
9825324	5166537
9825325	7729059
9825326	7729059
9825327	2387089
9825327	5315516
9825328	2387089
9825328	5315517
9825329	9819642
9825330	9819642
9825331	9819640
9825332	1495898
9825332	1496340
9825332	2245561
9825332	5302362
9825332	9825334
9825333	9819618
9825334	9825332
9825335	2291485
9825336	9808303
9825336	9808531
9825336	9825400
9825336	9825401
9825337	9824758
9825337	9825351
9825338	2401942
9825339	9824758
9825339	9825344
9825342	9804912
9825343	9804906
9825344	9824758
9825344	9825339
9825345	9825346
9825345	9825347
9825345	9825349
9825345	9825350
9825346	9825345
9825347	9825345
9825347	9825425
9825348	8800467
9825349	9825345
9825350	9825345
9825351	9825337
9825353	508463
9825354	3762175
9825354	9824009
9825354	9825313
9825354	9825314
9825354	9825360
9825354	9825361
9825357	1018160
9825360	9825354
9825361	9825354
9825362	669264
9825362	669266
9825364	1216967
9825365	9825366
9825366	9825365
9825368	4521813
9825369	1625985
9825370	1625985
9825372	9825376
9825372	9825379
9825372	9825380
9825373	9679506
9825375	587693
9825376	9825372
9825376	9825379
9825376	9825380
9825376	9825383
9825377	3154043
9825378	3608605
9825379	9825372
9825379	9825376
9825379	9825380
9825380	9825372
9825380	9825376
9825380	9825379
9825383	9825376
9825386	585442
9825387	1054002
9825387	9825477
9825390	9808303
9825390	9825397
9825390	9825399
9825390	9826303
9825390	9826305
9825390	9826306
9825390	9826307
9825391	9808303
9825391	9825396
9825392	9825439
9825392	9825440
9825393	606663
9825394	606663
9825396	9808303
9825396	9825391
9825397	9808303
9825397	9825390
9825399	9808303
9825399	9825390
9825400	9808531
9825400	9825336
9825401	9808531
9825401	9825336
9825403	9825404
9825404	9825403
9825405	582099
9825407	9808531
9825408	582099
9825409	9808303
9825413	9703095
9825414	1054002
9825415	9825416
9825416	9825415
9825417	1556021
9825417	1567731
9825417	1797673
9825417	1797677
9825417	1800426
9825417	4507047
9825417	4574648
9825418	7894816
9825421	4499942
9825421	4718888
9825421	4907811
9825421	4907813
9825421	4945401
9825421	4947748
9825423	987963
9825424	1842002
9825425	9825347
9825426	521961
9825430	7811556
9825432	129439
9825432	278435
9825432	360815
9825432	533217
9825433	7523886
9825434	9729339
9825436	520914
9825437	9764688
9825439	9825392
9825440	9825392
9825441	9526076
9825442	9728334
9825443	9388669
9825444	15365
9825445	9825300
9825448	8228606
9825449	7853695
9825450	9824958
9825451	8001127
9825452	8995155
9825454	366403
9825455	9401183
9825456	9641143
9825456	9641144
9825457	6213254
9825458	8087850
9825459	9726388
9825460	7495763
9825461	619322
9825462	8285886
9825463	520886
9825464	7317996
9825465	7317996
9825466	9526047
9825467	619422
9825468	8091446
9825469	8143545
9825472	392099
9825473	504099
9825474	7927883
9825475	1032844
9825476	7803926
9825477	1054002
9825477	9825387
9825478	1559410
9825479	9692827
9825480	6903048
9825481	6903048
9825483	9388685
9825483	9825489
9825484	796852
9825487	8442450
9825488	250935
9825488	4997067
9825489	8398573
9825489	9388685
9825489	9825483
9825490	7915922
9825490	9825493
9825492	9756381
9825493	9825490
9825495	7811686
9825496	6507310
9825500	9254729
9825504	9724275
9825507	9497122
9825516	7715218
9825517	3019356
9825518	8770813
9825519	2098815
9825520	2098815
9825521	1487388
9825522	9607278
9825523	5595117
9825524	7971435
9825525	1100558
9825526	9364139
9825527	7674611
9825528	5960270
9825531	5766943
9825532	5766943
9825533	2121574
9825540	5392908
9825541	9084966
9825542	3447747
9825544	3035326
9825545	8586936
9825546	8386643
9825547	1137024
9825548	8721950
9825549	9825551
9825549	9825565
9825551	9825549
9825551	9825562
9825551	9825563
9825551	9825565
9825552	7484168
9825554	9160532
9825556	5880049
9825557	7318869
9825561	9193074
9825562	9825551
9825562	9825565
9825563	9825551
9825563	9825565
9825564	2348881
9825565	9825549
9825565	9825551
9825565	9825562
9825565	9825563
9825565	9825738
9825566	5515120
9825569	5363491
9825570	3936798
9825571	6460194
9825572	6460194
9825573	9388859
9825574	8239546
9825575	2945461
9825575	2945463
9825575	2945464
9825575	2945651
9825575	2945655
9825575	5216056
9825575	5216059
9825575	5216072
9825575	5216075
9825575	5216081
9825575	5216084
9825575	5224932
9825575	6122396
9825576	7894740
9825577	9825658
9825578	6847285
9825579	9560966
9825580	3133559
9825582	8969355
9825583	6737615
9825585	9589686
9825587	5918023
9825589	5918023
9825591	5918023
9825594	3962105
9825595	7769377
9825596	3962105
9825597	6906096
9825598	3482488
9825599	420554
9825600	6597812
9825601	3425719
9825602	3031173
9825604	1280165
9825605	486402
9825606	4802632
9825607	4802632
9825608	6399914
9825609	3769434
9825610	1323306
9825611	7980047
9825612	9234012
9825613	7320502
9825614	6123287
9825615	6320516
9825616	2352
9825617	5762328
9825618	9433963
9825620	9793677
9825620	9798445
9825620	9798609
9825620	9798624
9825620	9798630
9825622	6311195
9825623	7462203
9825624	5302254
9825625	5302254
9825627	3748881
9825628	3545129
9825629	9593065
9825634	6549130
9825635	6456106
9825636	31341
9825637	9255099
9825638	5866783
9825639	5775079
9825640	8464648
9825641	9474516
9825643	5087236
9825644	8794753
9825646	8105478
9825647	4169588
9825648	4244220
9825648	9489233
9825648	9825912
9825648	9825916
9825648	9825925
9825649	4009701
9825650	7694325
9825651	8453808
9825652	37382
9825653	9728500
9825654	7450992
9825655	1766099
9825656	847875
9825656	9826293
9825658	9825577
9825659	9032118
9825660	1271790
9825661	9031786
9825662	6257840
9825664	6352226
9825665	3359274
9825666	6352226
9825667	7542760
9825669	6257840
9825670	6352226
9825673	7542760
9825674	9431434
9825677	9292968
9825679	9126895
9825680	7737495
9825681	7737495
9825682	5994387
9825683	7953421
9825685	2289816
9825686	1732445
9825688	9825690
9825689	9825723
9825689	9825725
9825690	9825688
9825691	7451291
9825692	4432502
9825692	9825716
9825692	9825717
9825693	9825695
9825693	9825696
9825693	9825697
9825693	9825698
9825694	6935016
9825695	9825693
9825696	9825693
9825697	9825693
9825698	9825693
9825699	6651006
9825700	1944819
9825701	5786127
9825702	9825703
9825702	9825704
9825703	9825702
9825704	9825702
9825705	9825706
9825705	9825707
9825706	9825705
9825707	9825705
9825708	9825709
9825708	9825712
9825708	9825715
9825709	9825708
9825711	1748360
9825712	9825708
9825715	9825708
9825716	9825692
9825717	9825692
9825718	9825719
9825718	9825721
9825718	9825722
9825718	9825819
9825718	9825821
9825718	9825822
9825718	9825823
9825719	9825718
9825720	9825730
9825720	9825732
9825720	9825736
9825721	9825718
9825722	9825718
9825722	9826108
9825722	9826109
9825723	9825689
9825725	9825689
9825726	9823537
9825727	9825733
9825727	9825735
9825728	2376543
9825730	9825720
9825731	21386
9825732	9825720
9825733	9825727
9825734	1115728
9825735	9825727
9825736	9825720
9825737	2647594
9825738	9825565
9825739	3024127
9825740	6430021
9825741	4012115
9825743	4796438
9825744	9823895
9825745	8850424
9825746	632304
9825747	459949
9825748	9823881
9825749	3591550
9825750	3293445
9825751	1138370
9825752	1138370
9825753	9466687
9825754	9825760
9825755	9823884
9825756	9466687
9825758	9823487
9825760	9825754
9825761	4016236
9825762	9823879
9825763	4016237
9825764	4016238
9825765	4017799
9825766	4017804
9825767	4018244
9825768	4019120
9825769	4019152
9825770	4019880
9825771	4022787
9825772	4022791
9825773	4022793
9825774	4022797
9825775	4022804
9825776	9701987
9825776	9825915
9825777	4022806
9825778	4022815
9825779	4022818
9825780	4022820
9825781	9823471
9825782	4022824
9825783	4022828
9825784	4022830
9825785	4022833
9825786	4022837
9825787	4022843
9825788	4022845
9825789	4087725
9825790	1290170
9825791	5167035
9825792	5167036
9825793	5167039
9825794	5167044
9825795	5167045
9825796	5167046
9825797	5891604
9825798	5168504
9825799	5168546
9825800	5168546
9825801	5891604
9825802	5168624
9825803	5891604
9825804	5168754
9825805	5168786
9825806	5168808
9825807	837595
9825808	5168818
9825809	5168821
9825810	837595
9825811	5168903
9825812	5168910
9825813	5168910
9825814	5168910
9825815	9766020
9825816	5168910
9825817	5168935
9825818	939795
9825819	9825718
9825820	1413222
9825821	9825718
9825822	9825718
9825823	9825718
9825824	1225609
9825826	1427665
9825828	1999968
9825830	1800623
9825831	2461403
9825832	8315887
9825833	1207434
9825834	1287954
9825835	9706891
9825836	338839
9825837	1698696
9825838	1341078
9825839	2738429
9825840	1682560
9825842	2700988
9825843	1266835
9825844	9771000
9825845	6538832
9825846	6538832
9825847	6538832
9825848	4042938
9825849	4042938
9825850	748835
9825851	2440896
9825852	9731629
9825853	5018713
9825854	5018713
9825855	2676195
9825856	2246918
9825857	2246918
9825858	5819615
9825859	1861988
9825860	3600562
9825861	8690356
9825862	1201064
9825863	2383077
9825864	2096047
9825865	7891861
9825866	3577883
9825868	12526
9825869	2415923
9825870	2976022
9825871	9823207
9825872	4381137
9825873	9679640
9825874	9823207
9825875	2084540
9825876	8296158
9825877	4537632
9825878	4562551
9825879	1665451
9825880	854072
9825881	9444762
9825881	9825904
9825882	2945846
9825883	6701300
9825884	5715688
9825885	4493246
9825886	8298337
9825887	8298337
9825888	4572594
9825889	1442128
9825890	5601351
9825891	1257788
9825892	1199069
9825893	967533
9825894	592572
9825895	346275
9825896	358546
9825897	2313861
9825898	2123365
9825899	4215673
9825900	3581042
9825901	9823028
9825903	900772
9825904	9825881
9825905	900772
9825906	900772
9825907	2866874
9825908	3326769
9825909	1386516
9825910	1945171
9825911	1383969
9825912	4244220
9825912	4244478
9825912	9489233
9825912	9825648
9825912	9825916
9825912	9825925
9825913	2991387
9825913	9825968
9825915	9825776
9825916	4244220
9825916	9489233
9825916	9825648
9825916	9825912
9825916	9825925
9825919	9825086
9825922	9825077
9825923	9801762
9825925	4244220
9825925	4244478
9825925	9489233
9825925	9825648
9825925	9825912
9825925	9825916
9825927	9825048
9825928	9825040
9825931	9823642
9825932	9823634
9825933	9823632
9825934	9823629
9825937	9823627
9825939	9615529
9825941	9823621
9825942	1367569
9825943	9823619
9825945	9823616
9825947	9823534
9825949	9820349
9825951	1975612
9825954	4548145
9825958	133319
9825959	133319
9825960	133319
9825962	9129573
9825964	9129573
9825966	5441312
9825968	9825913
9825968	9825985
9825969	6168064
9825969	6213629
9825969	6216266
9825969	9776697
9825969	9776732
9825969	9776733
9825969	9776736
9825970	5441312
9825972	5441312
9825975	2089982
9825976	8298545
9825980	8362099
9825982	8362099
9825984	489578
9825985	2991387
9825985	9825968
9825986	4855383
9825987	3078596
9825990	7087612
9825992	1860658
9825992	7087612
9825995	4237911
9826000	3636905
9826001	4305141
9826002	4305142
9826008	8116994
9826010	8116994
9826011	8116994
9826018	2946508
9826028	2940034
9826029	7149045
9826030	8470405
9826031	3618403
9826032	5120576
9826033	1511182
9826034	6900759
9826035	6900759
9826036	5591374
9826043	7389348
9826044	7389348
9826045	5342261
9826046	3917474
9826047	8519201
9826048	6388414
9826049	8521241
9826050	8521241
9826052	7383966
9826053	7383966
9826054	7383966
9826055	3326769
9826056	1133348
9826057	1386516
9826058	1945171
9826059	797193
9826060	6388414
9826061	884744
9826062	2940034
9826063	7149045
9826064	7405977
9826065	8470405
9826066	8470405
9826067	8520849
9826068	3618403
9826069	801982
9826070	3427329
9826071	1737951
9826072	858913
9826073	5342261
9826074	6089949
9826076	9826081
9826077	9826081
9826078	7835066
9826079	9826081
9826080	9826081
9826081	8976185
9826081	9826076
9826081	9826077
9826081	9826079
9826081	9826080
9826081	9826084
9826082	518943
9826083	336039
9826084	9826081
9826085	390536
9826086	581940
9826087	390536
9826088	8521155
9826089	8521155
9826090	8521155
9826091	8521155
9826092	1774656
9826093	2345632
9826094	7405368
9826095	7386834
9826096	8976185
9826097	1394227
9826098	2938658
9826099	715569
9826102	4818645
9826105	9826106
9826106	9826105
9826106	9826107
9826107	9826106
9826108	9825722
9826109	9825722
9826113	9826114
9826114	9826113
9826115	9826116
9826116	9826115
9826119	9826121
9826119	9826122
9826120	550515
9826121	9826119
9826121	9826123
9826122	9826119
9826123	9826121
9826125	9826126
9826126	9826125
9826127	4564218
9826128	2055891
9826128	9826309
9826146	9826149
9826147	9826148
9826148	9826147
9826149	9826146
9826152	9826153
9826153	9826152
9826154	2821453
9826155	4849936
9826160	7114650
9826166	9726794
9826168	8296288
9826169	7742387
9826175	474795
9826177	668774
9826178	408483
9826180	804582
9826185	9826282
9826189	256208
9826194	336090
9826197	55193
9826198	339494
9826199	6020626
9826201	466260
9826204	345817
9826205	293810
9826207	736278
9826208	736278
9826213	4952967
9826214	4952967
9826215	4193501
9826216	866274
9826216	866506
9826216	1553056
9826216	1777045
9826217	817317
9826218	526585
9826220	9826221
9826221	9826220
9826222	1746002
9826223	5685886
9826227	6940189
9826229	6940191
9826230	1064636
9826232	1452316
9826233	2188461
9826234	896522
9826235	8861184
9826237	1743571
9826238	781502
9826240	9400945
9826243	8861184
9826244	6850353
9826245	8861185
9826247	8861185
9826248	9826259
9826250	9408577
9826251	5945159
9826252	5945159
9826253	9419091
9826254	742948
9826255	8135786
9826256	2002975
9826257	25449
9826258	2002975
9826259	9826248
9826260	3307712
9826261	9821316
9826264	9826265
9826265	9826264
9826266	32061
9826267	9826268
9826268	9826267
9826269	9826270
9826270	9826269
9826271	362346
9826272	1133119
9826273	894143
9826275	3380552
9826276	4455681
9826277	789364
9826279	3579578
9826280	8709503
9826281	8709503
9826282	9826185
9826282	9826320
9826283	333658
9826284	6828257
9826285	6585429
9826286	416551
9826287	9826288
9826288	9826287
9826289	49341
9826292	285584
9826293	9825656
9826294	257084
9826295	9826296
9826296	9826295
9826296	9826301
9826297	2275362
9826298	2275362
9826299	9826300
9826300	9826299
9826301	9826296
9826303	9825390
9826305	9825390
9826306	9825390
9826307	9825390
9826308	9826319
9826309	9826128
9826311	9823042
9826312	9823212
9826313	9816255
9826314	9807865
9826315	9807865
9826316	3248441
9826317	3248441
9826319	9826308
9826320	9826282
9826321	9826322
9826321	9826323
9826322	9826321
9826323	9826321
9826325	9826326
9826326	9826325
9826327	7853001
9826328	7853001
9826331	9826336
9826332	9826333
9826333	9826332
9826334	9819509
9826336	9826331
9826337	9826338
9826338	9826337
9826343	9826345
9826345	9826343
