4756462	1861733
4756463	4754327
4756464	4754287
4756465	4751290
4756466	3372226
4756467	4750953
4756468	2308279
4756469	4755403
4756470	4755416
4756471	4755416
4756472	3716080
4756473	3400315
4756474	3400315
4756475	4755995
4756476	4755993
4756477	4753464
4756478	283268
4756479	4753467
4756480	4753471
4756481	4755728
4756482	4755025
4756483	4755453
4756484	4755789
4756485	4755792
4756487	4756747
4756488	4755725
4756489	4755724
4756490	2740248
4756491	2740248
4756492	4756729
4756493	4755721
4756494	4755719
4756495	4755719
4756496	4755718
4756496	4756621
4756497	4755717
4756497	4756616
4756498	287412
4756498	4756502
4756499	4755716
4756499	4756609
4756500	4755715
4756501	4755715
4756501	4757319
4756502	287412
4756502	4756498
4756502	4757338
4756503	29005
4756504	4755713
4756505	4755713
4756506	4755730
4756506	4756606
4756507	4755732
4756507	4758280
4756508	2740248
4756509	281477
4756510	4481346
4756513	611214
4756514	4529914
4756515	433482
4756517	4529908
4756518	4529907
4756519	4529891
4756520	4529890
4756521	4529888
4756522	4529885
4756523	4529886
4756524	2038347
4756525	4529925
4756525	4756539
4756526	4529921
4756527	4756252
4756528	4529865
4756529	4756001
4756530	4756531
4756531	4756530
4756532	4529863
4756532	4756537
4756533	4755716
4756534	4529860
4756535	4755546
4756536	4529859
4756537	4756532
4756538	4755433
4756539	4756525
4756540	4755419
4756542	1498660
4756543	1498660
4756544	4529845
4756545	4529939
4756546	4755595
4756547	4529938
4756548	4529937
4756549	4529935
4756550	70188
4756551	4529834
4756552	4755076
4756553	4529833
4756554	4754195
4756555	4529832
4756556	4529831
4756557	4753836
4756558	2291599
4756559	4529829
4756560	4529966
4756561	4529954
4756562	1864475
4756563	4755317
4756564	4529800
4756565	4529799
4756566	4529791
4756567	258629
4756568	4751004
4756569	4529790
4756570	4748438
4756571	312884
4756572	4529952
4756573	4745446
4756574	4529774
4756575	4742411
4756576	4529771
4756577	4529770
4756578	4739411
4756579	4529948
4756580	4738488
4756581	4529759
4756582	4529757
4756584	4735449
4756585	4735431
4756586	4529745
4756587	4731650
4756588	4727848
4756589	4529721
4756590	4529716
4756591	4601325
4756592	4529982
4756593	4529981
4756594	4463912
4756595	4529978
4756596	4529976
4756597	4529710
4756598	4529708
4756600	4529709
4756601	4529669
4756602	4529666
4756603	4529666
4756604	3129215
4756605	4529664
4756606	4756506
4756607	4529659
4756608	2688201
4756608	4758292
4756608	4758293
4756609	4756499
4756610	4529651
4756611	3374154
4756612	4529648
4756613	3155611
4756614	3820849
4756615	4529642
4756616	4756497
4756617	3390700
4756618	4529676
4756619	3390700
4756620	4499068
4756621	4756496
4756622	4529638
4756623	3730902
4756624	4529639
4756625	4529996
4756626	2119986
4756627	3652070
4756628	2875739
4756629	3155632
4756629	3155646
4756629	4756706
4756630	3133145
4756631	4073188
4756632	4529628
4756633	4529626
4756634	2711727
4756635	4529622
4756636	41197
4756637	4529623
4756638	4341128
4756639	4529615
4756640	4498057
4756641	4529618
4756642	4529987
4756643	261207
4756644	4529998
4756645	434960
4756647	4749465
4756647	4756668
4756647	4756669
4756647	4756929
4756647	4757236
4756648	4529604
4756649	4529603
4756650	44586
4756651	4529593
4756652	57584
4756653	4529975
4756654	4530025
4756655	2727470
4756656	2727470
4756657	4530022
4756659	4529574
4756660	4529573
4756661	4530019
4756663	4530007
4756664	4530016
4756665	4530002
4756667	4530000
4756668	4756647
4756669	4756647
4756669	4757312
4756670	4530037
4756672	4530036
4756673	3927188
4756673	4756252
4756674	4530035
4756676	4756241
4756676	4757315
4756677	4530034
4756679	1528928
4756680	4529559
4756681	2263359
4756682	4755840
4756683	489744
4756684	4529558
4756685	4529555
4756686	4529554
4756687	4529548
4756688	3695641
4756689	4530030
4756690	3903975
4756691	60929
4756691	4756699
4756692	4755837
4756693	66883
4756694	4755831
4756695	4755831
4756695	4756745
4756696	3476734
4756697	619135
4756698	4529523
4756699	4756691
4756700	4755830
4756700	4756743
4756701	4529520
4756702	2875266
4756703	4529519
4756704	4529517
4756705	4529516
4756706	3155632
4756706	3155646
4756706	4756629
4756707	2346424
4756707	2346428
4756708	4529514
4756709	2344120
4756710	4529513
4756711	244400
4756712	4529515
4756713	1391966
4756714	52125
4756715	4530044
4756716	1036993
4756717	4530041
4756718	1030672
4756719	4529498
4756720	4529496
4756721	4529495
4756722	4529491
4756723	3279918
4756724	4529490
4756725	1180349
4756725	2390431
4756726	4529488
4756727	4529485
4756728	2756605
4756729	4756492
4756730	4529470
4756731	4529464
4756732	4529463
4756733	3123469
4756734	4529439
4756735	3123469
4756736	4530038
4756737	4530040
4756738	4756739
4756738	4756744
4756739	1943887
4756739	4756738
4756739	4756927
4756740	3123469
4756741	3723293
4756742	4529247
4756743	4756700
4756744	4756738
4756745	4756695
4756746	4530062
4756747	4756487
4756748	4530059
4756749	3413042
4756750	2389871
4756750	2390065
4756750	4757331
4756751	4530061
4756752	4530055
4756753	4529190
4756754	304946
4756755	4529189
4756756	3168500
4756757	4745460
4756757	4756926
4756758	3996884
4756759	2867918
4756760	39946
4756761	260208
4756762	4529051
4756763	1363211
4756763	4757329
4756764	4528698
4756765	3171158
4756766	4528377
4756767	3171158
4756768	4527950
4756769	4527368
4756770	4527370
4756771	4527320
4756772	3162157
4756773	4527265
4756774	4527262
4756775	4527259
4756776	3731607
4756777	4527217
4756778	4745461
4756778	4757235
4756779	4527063
4756780	4527051
4756781	4133581
4756782	4745459
4756782	4756783
4756782	4756976
4756782	4756980
4756783	4745459
4756783	4756782
4756783	4757234
4756784	4526998
4756785	4526785
4756786	4526784
4756788	4526642
4756789	4756895
4756789	4757324
4756790	4525999
4756791	4525999
4756792	2390431
4756793	4530105
4756794	4530102
4756795	4524861
4756796	4524199
4756797	238016
4756798	4524091
4756799	4745458
4756799	4756913
4756799	4759423
4756800	4745458
4756800	4757233
4756801	4524090
4756802	241236
4756803	4523952
4756804	4523947
4756805	1729773
4756806	4523945
4756807	4523937
4756808	4523931
4756809	4530082
4756810	4745457
4756810	4756912
4756810	4757232
4756811	4530131
4756812	1729773
4756812	4756885
4756813	4523207
4756814	3817976
4756814	4748533
4756814	4756820
4756814	4756908
4756815	4522721
4756816	4755839
4756817	4522718
4756818	4522707
4756819	4755833
4756820	4756814
4756821	4755524
4756822	4521722
4756823	4755147
4756824	4521691
4756826	4521622
4756827	477086
4756828	4754245
4756829	477086
4756830	4521595
4756831	4521538
4756832	477061
4756833	4753747
4756834	4521324
4756835	4753739
4756836	4521026
4756837	4520877
4756838	4753294
4756839	4520842
4756840	1153814
4756840	4757432
4756841	39609
4756842	4750641
4756842	4757431
4756843	4520614
4756844	4520613
4756845	4750634
4756847	4750001
4756848	4519901
4756849	1153814
4756850	4519898
4756851	4519895
4756852	4749459
4756853	4519871
4756854	4519871
4756855	4519871
4756856	308573
4756857	4530228
4756858	2327352
4756859	1907909
4756860	4530226
4756861	23503
4756862	4519847
4756864	4519843
4756865	4519837
4756866	4531542
4756867	4519498
4756868	4519495
4756869	4519492
4756870	4519479
4756871	4519477
4756872	4519475
4756873	4519432
4756874	4518852
4756875	4745456
4756875	4757253
4756876	4518740
4756877	4518739
4756878	3266181
4756879	1635395
4756879	3635018
4756879	3635019
4756879	3760881
4756883	4518735
4756884	1893851
4756885	4756812
4756885	4757048
4756886	4756887
4756886	4756888
4756886	4756893
4756886	4756894
4756886	4756897
4756886	4756898
4756886	4756904
4756887	4756886
4756887	4756888
4756887	4756893
4756887	4756894
4756887	4756897
4756887	4756904
4756888	4756886
4756888	4756887
4756888	4756893
4756888	4756894
4756888	4756897
4756888	4756904
4756889	2126228
4756890	3957849
4756891	2126229
4756892	2126231
4756892	2126234
4756893	4756886
4756893	4756887
4756893	4756888
4756893	4756894
4756893	4756897
4756893	4756904
4756894	4756886
4756894	4756887
4756894	4756888
4756894	4756893
4756894	4756897
4756894	4756904
4756895	4756789
4756895	4757044
4756896	295667
4756897	4756886
4756897	4756887
4756897	4756888
4756897	4756893
4756897	4756894
4756898	4756886
4756899	4518442
4756900	3766613
4756902	4518343
4756903	380342
4756904	4756886
4756904	4756887
4756904	4756888
4756904	4756893
4756904	4756894
4756905	448364
4756906	4518663
4756907	2063267
4756908	4756814
4756908	4757510
4756909	2833232
4756910	4518330
4756911	3971548
4756912	4756810
4756913	4756799
4756913	4757511
4756914	4756920
4756914	4756921
4756914	4756923
4756915	2542476
4756916	566095
4756917	4630058
4756918	4630058
4756919	4519232
4756919	4756924
4756920	4756914
4756920	4756921
4756920	4756923
4756921	4756914
4756921	4756920
4756921	4756923
4756923	4756914
4756923	4756920
4756923	4756921
4756924	4756919
4756925	4518871
4756926	4756757
4756926	4757513
4756927	4756739
4756928	4518868
4756929	4756647
4756929	4757516
4756930	4745454
4756931	4518858
4756932	4756252
4756932	4757517
4756933	4756241
4756933	4757519
4756934	4531535
4756935	4756184
4756935	4757521
4756936	4756040
4756936	4757525
4756937	4756252
4756938	4518593
4756939	4756002
4756939	4757526
4756940	4756001
4756940	4757529
4756941	4755836
4756942	4755835
4756943	4755831
4756944	4755830
4756945	4755749
4756946	4755723
4756947	4755716
4756948	4755546
4756949	4755524
4756950	4755523
4756951	4515657
4756952	4755522
4756953	4755521
4756954	4515633
4756955	4755162
4756955	4755515
4756956	4755509
4756957	4515631
4756958	4755433
4756959	4755425
4756960	4755425
4756961	4755422
4756962	4755422
4756963	4515625
4756964	4515622
4756965	4515620
4756966	4515618
4756967	4515616
4756968	4538677
4756969	4755420
4756970	4755509
4756971	4755419
4756972	4538639
4756973	4755416
4756974	4538661
4756975	4755412
4756976	4756782
4756976	4756980
4756977	4755404
4756978	2752687
4756979	4538668
4756980	4756782
4756980	4756976
4756981	4755403
4756982	4755379
4756983	4515605
4756984	4515603
4756985	4755365
4756986	4515600
4756987	4755363
4756988	4755353
4756989	4752696
4756989	4753297
4756990	4515595
4756991	4752696
4756992	4757055
4756993	4515064
4756994	4755327
4756995	4753294
4756996	4755172
4756998	4515063
4757000	4515062
4757001	4753259
4757002	4515058
4757003	1269037
4757004	4515057
4757005	4515055
4757006	4755521
4757007	4515056
4757008	4757096
4757008	4757323
4757008	4757785
4757009	4513971
4757010	4513968
4757011	4751214
4757012	4513965
4757013	4751209
4757014	4513963
4757015	4751090
4757016	4513956
4757017	4513954
4757018	3179747
4757019	4513950
4757020	4747367
4757021	4747367
4757022	4513816
4757023	4513815
4757024	4513814
4757025	4746961
4757026	4513803
4757027	4755078
4757028	4513800
4757029	4755837
4757030	4755526
4757031	4513801
4757032	4745451
4757033	4745451
4757034	2504515
4757035	4688240
4757036	4755546
4757037	4538905
4757039	288965
4757040	4755066
4757041	4513791
4757042	4745440
4757043	4513789
4757044	4756895
4757045	269448
4757045	4753859
4757046	4513787
4757047	4513782
4757048	4756885
4757049	4513779
4757050	4513778
4757051	4513771
4757052	4513769
4757053	1023936
4757054	4513735
4757055	4756992
4757056	4513734
4757057	4513731
4757058	4757063
4757058	4757064
4757058	4757205
4757059	4513730
4757060	4513729
4757061	1023936
4757061	4757321
4757061	4757322
4757061	4758042
4757062	4745447
4757062	4757079
4757062	4757080
4757063	4757058
4757064	4757058
4757065	2266047
4757066	4513716
4757068	4513715
4757069	3302798
4757070	4513712
4757071	125670
4757072	4513711
4757073	4324552
4757074	541933
4757075	2546934
4757076	4513695
4757077	4513694
4757078	4513693
4757079	4757062
4757080	4757062
4757081	4513692
4757082	4513688
4757083	1272673
4757084	44485
4757084	4757429
4757085	4513687
4757086	4513685
4757087	4513528
4757088	1323423
4757089	1431777
4757090	2525156
4757091	2085632
4757092	2139090
4757093	816064
4757095	4540893
4757096	4757008
4757097	4513266
4757098	82593
4757099	4513255
4757100	4513251
4757101	4756200
4757102	4513244
4757103	4513222
4757104	4512780
4757105	4512774
4757106	4512758
4757107	4755988
4757108	4512748
4757109	4512745
4757110	4512649
4757111	4512648
4757112	4755988
4757113	4512647
4757114	4540882
4757115	4540556
4757116	4755988
4757117	4755988
4757118	4512641
4757119	4512638
4757120	4512637
4757121	4512634
4757122	4512629
4757123	4512628
4757124	4512626
4757125	90703
4757126	4512609
4757127	4512605
4757128	4512603
4757129	4512600
4757130	4512599
4757131	1981855
4757132	98999
4757133	4512573
4757134	4512578
4757136	4757252
4757137	4757251
4757138	4757151
4757138	4757249
4757139	4757248
4757140	4757247
4757141	4757150
4757141	4757231
4757142	4757149
4757143	4757148
4757143	4757230
4757144	4757229
4757145	321836
4757146	4512559
4757147	3122826
4757148	4757143
4757149	4757142
4757150	4757141
4757151	4757138
4757152	4512530
4757153	4512513
4757154	4512511
4757155	4512508
4757156	4512178
4757157	3041973
4757157	4757425
4757158	3041973
4757159	3041973
4757160	4543294
4757161	4755858
4757162	4512121
4757163	4512098
4757164	1834153
4757165	3060672
4757166	4511994
4757167	4541185
4757168	4511987
4757169	280950
4757170	4511985
4757171	4511984
4757172	3374666
4757173	3723037
4757174	4511889
4757175	1525654
4757176	1816465
4757177	4511835
4757178	2256828
4757179	4544114
4757180	2325145
4757181	2648088
4757182	4543299
4757183	2246006
4757184	4509894
4757185	4635160
4757187	263262
4757188	4509433
4757189	4546190
4757190	886280
4757191	1966512
4757192	4508796
4757193	2389656
4757194	4508651
4757195	3732499
4757196	297565
4757197	249090
4757198	4508479
4757199	4554733
4757200	3989415
4757201	3726637
4757202	3393745
4757203	295925
4757204	4557295
4757205	4757058
4757206	4630282
4757207	4630274
4757208	4630271
4757209	4630270
4757210	4630254
4757211	4630210
4757212	4630135
4757213	2686395
4757213	4757302
4757214	4629049
4757214	4757228
4757215	4758674
4757216	2891110
4757216	3859211
4757217	4757227
4757217	4758002
4757218	4757226
4757218	4757988
4757219	4757220
4757219	4757942
4757220	4757219
4757221	4757225
4757221	4757939
4757222	2243141
4757223	30378
4757224	1954267
4757225	4757221
4757226	4757218
4757227	4757217
4757228	4757214
4757229	4757144
4757230	4757143
4757231	4757141
4757232	4756810
4757233	4756800
4757234	4756783
4757235	4756778
4757236	4756647
4757237	4756252
4757238	4756241
4757239	4756240
4757240	4756228
4757241	4756184
4757242	4755840
4757243	4755832
4757244	4755831
4757245	4755830
4757246	4755829
4757247	4757140
4757248	4757139
4757249	4757138
4757250	4757935
4757251	4757137
4757252	4757136
4757253	4756875
4757254	253005
4757255	2438533
4757256	2438533
4757256	4757572
4757257	2315046
4757258	773367
4757259	1487659
4757260	2549030
4757261	2730923
4757262	2880484
4757263	3151476
4757264	3439757
4757265	3922991
4757266	4495078
4757267	36536
4757268	36541
4757269	42814
4757270	60758
4757271	60764
4757272	681309
4757273	1024411
4757274	1868204
4757275	2047642
4757276	2545756
4757277	2545814
4757278	2647579
4757279	2657711
4757280	3439760
4757281	3486174
4757282	3603010
4757283	3603010
4757284	3823220
4757285	2047642
4757286	55437
4757287	60136
4757288	462984
4757289	2252604
4757290	319663
4757291	2002573
4757292	2002572
4757293	242972
4757294	159553
4757295	1740746
4757297	3891611
4757298	2094197
4757299	3989425
4757300	3439530
4757301	1761360
4757302	4757213
4757303	1741516
4757304	2866928
4757306	3842390
4757307	3158697
4757308	1751365
4757309	2873885
4757310	30669
4757311	4025073
4757312	4756669
4757313	271118
4757314	1741946
4757315	4756676
4757316	4755730
4757317	4755713
4757318	3472916
4757319	4756501
4757320	2166221
4757321	4757061
4757322	4757061
4757323	4757008
4757323	4758311
4757324	4756789
4757324	4758300
4757329	4756763
4757330	263901
4757331	4756750
4757332	290144
4757335	1782930
4757337	2876787
4757338	4756502
4757340	4756419
4757341	2731816
4757343	1682418
4757344	1661207
4757345	1813957
4757346	4756408
4757347	3874094
4757350	4756371
4757351	1771244
4757352	2875991
4757353	4757354
4757353	4758267
4757354	4757353
4757355	2867925
4757356	4756344
4757358	4756344
4757358	4758265
4757359	1753440
4757360	4757361
4757361	4757360
4757363	2511368
4757365	4755809
4757366	4755808
4757367	4629657
4757368	3932884
4757369	4755807
4757369	4758318
4757370	4757371
4757371	4757370
4757372	1815558
4757373	4755805
4757374	1782919
4757375	1728427
4757376	4755803
4757376	4758025
4757376	4758198
4757377	3874221
4757378	4755800
4757379	4755800
4757379	4758194
4757380	4588091
4757381	4755799
4757382	3930870
4757383	3877371
4757384	4755797
4757385	1742037
4757386	4757388
4757386	4758022
4757387	1681893
4757388	4757386
4757389	3879406
4757390	4758730
4757391	1679390
4757392	3989880
4757393	1728464
4757394	4512633
4757395	1814878
4757396	4025105
4757397	1688690
4757398	2870643
4757399	4512612
4757400	1796924
4757401	1662923
4757402	1725233
4757404	2721496
4757405	4513948
4757406	1679934
4757407	3928449
4757408	3881586
4757409	4629649
4757410	3923663
4757411	3923663
4757412	1789006
4757413	3902428
4757414	4028521
4757415	2856365
4757416	3859674
4757417	1778318
4757418	2856407
4757419	1823764
4757420	3997978
4757421	2260596
4757422	21274
4757422	184146
4757422	4759418
4757423	438585
4757424	253012
4757425	4757157
4757426	3505935
4757427	3505943
4757428	3505959
4757429	4757084
4757430	3505974
4757431	4756842
4757432	4756840
4757433	3505977
4757434	3505983
4757435	2898821
4757436	237599
4757436	1810200
4757436	1810219
4757437	3426411
4757437	4551133
4757438	3473569
4757439	1872646
4757440	2511367
4757441	4270
4757442	2859717
4757442	4758036
4757443	1220860
4757443	4757451
4757444	41786
4757444	532305
4757444	945976
4757444	1000881
4757444	1465220
4757445	3282925
4757445	3282927
4757446	1792416
4757446	1792450
4757446	2228108
4757446	4411795
4757446	4411797
4757446	4411798
4757446	4421718
4757446	4425538
4757446	4757447
4757447	1792416
4757447	1792450
4757447	4411795
4757447	4411797
4757447	4411798
4757447	4421718
4757447	4757446
4757448	3273360
4757448	3273361
4757449	1860442
4757449	2061876
4757449	2061877
4757450	3318858
4757451	4757443
4757452	3958154
4757453	3648791
4757455	252467
4757455	341826
4757455	1794174
4757456	3737585
4757457	3737585
4757458	91885
4757458	311827
4757458	2142330
4757458	2296034
4757458	3237752
4757459	3444509
4757461	2036343
4757463	1140618
4757464	3956170
4757465	4757467
4757465	4757468
4757466	3464985
4757466	4757469
4757467	4757465
4757468	4757465
4757469	4757466
4757470	4757471
4757471	4757470
4757471	4758187
4757471	4758188
4757472	331050
4757474	4681970
4757475	2756948
4757476	4757477
4757477	4757476
4757477	4758180
4757478	4614435
4757479	3598635
4757480	2686913
4757481	1158327
4757482	4223873
4757483	954488
4757483	2142861
4757485	2918932
4757486	1639449
4757487	1046861
4757488	3836001
4757489	3282813
4757490	710989
4757491	4165791
4757491	4758028
4757491	4758029
4757492	29038
4757492	429007
4757492	429012
4757492	932926
4757492	3036465
4757493	2906165
4757494	2060806
4757496	1340491
4757497	763518
4757498	4388576
4757498	4758021
4757499	1503723
4757499	2299209
4757499	3627467
4757499	4757545
4757500	2286592
4757501	1797094
4757502	1797097
4757503	2160248
4757504	3326070
4757505	3888389
4757506	293384
4757507	1730025
4757508	1730025
4757509	31072
4757510	4756908
4757511	4756913
4757512	1042311
4757513	4756926
4757514	32732
4757515	4338189
4757515	4758436
4757516	4756929
4757517	4756932
4757519	4756933
4757520	677788
4757521	4756935
4757523	4759571
4757524	4273923
4757525	4756936
4757526	4756939
4757527	3322568
4757528	316294
4757529	4756940
4757530	4758757
4757532	2373987
4757534	2261995
4757535	2261995
4757537	2255771
4757539	238362
4757543	308593
4757544	308593
4757545	2299209
4757545	3627467
4757545	4757499
4757548	2536686
4757554	1976529
4757557	2348432
4757558	2348432
4757561	4757934
4757565	4757618
4757567	4757616
4757569	4757613
4757569	4757615
4757569	4757918
4757570	4757571
4757570	4757913
4757570	4758969
4757571	4757570
4757572	4757256
4757573	4755075
4757574	2977372
4757574	4758017
4757574	4758176
4757575	4755066
4757576	4014369
4757577	4754501
4757578	4753706
4757579	4753640
4757580	4753639
4757581	33444
4757581	670618
4757581	1640605
4757581	1863328
4757581	2188717
4757581	2774714
4757582	3267463
4757583	7737
4757583	251026
4757583	373107
4757583	601119
4757583	677318
4757583	754306
4757583	1279780
4757583	1436694
4757583	1581522
4757583	1584286
4757584	3710057
4757585	36750
4757586	2986318
4757587	4753635
4757587	4757748
4757588	3123888
4757589	4753627
4757590	19810
4757591	4753140
4757592	4753134
4757592	4757743
4757593	19810
4757594	4753129
4757594	4757738
4757595	3442110
4757596	4752917
4757597	1877202
4757598	4752836
4757599	4752730
4757600	4752718
4757601	1829139
4757602	18161
4757603	251019
4757603	531777
4757603	531825
4757603	726621
4757603	930715
4757603	2004533
4757603	3130627
4757604	4752680
4757605	2266476
4757606	4752676
4757606	4757735
4757607	4752672
4757608	4752674
4757608	4757732
4757609	306308
4757610	4752650
4757611	4752650
4757612	4752650
4757613	4757569
4757613	4757728
4757613	4757729
4757615	4757569
4757616	4757567
4757618	4757565
4757618	4757724
4757619	2641946
4757619	2798517
4757619	2798538
4757620	4755837
4757621	4755814
4757622	4755509
4757623	4755433
4757624	280267
4757625	4755814
4757626	4755363
4757627	2641946
4757627	2798517
4757627	2798538
4757628	2677021
4757628	4757637
4757629	1817616
4757632	292508
4757635	1817616
4757636	3900597
4757637	4757628
4757638	935541
4757640	2490415
4757641	373486
4757642	4743922
4757642	4757889
4757643	4743919
4757643	4757908
4757644	4732065
4757644	4757864
4757645	4732060
4757645	4757852
4757645	4758723
4757645	4758726
4757646	1222523
4757647	4547222
4757648	259160
4757648	4757717
4757649	4517850
4757649	4757846
4757649	4758952
4757650	4499427
4757651	4499420
4757652	4499420
4757653	4499421
4757654	2778156
4757654	4757710
4757654	4757711
4757657	4515030
4757658	691684
4757658	1626732
4757659	4499424
4757659	4509444
4757659	4509445
4757660	2219240
4757660	4757706
4757660	4757707
4757661	2022762
4757661	4757704
4757661	4757705
4757662	476422
4757663	292508
4757664	1829671
4757664	4757701
4757664	4757703
4757665	1019343
4757665	4757697
4757665	4757699
4757666	4512811
4757667	360826
4757667	4757694
4757667	4757696
4757668	3036028
4757668	4565206
4757668	4757678
4757668	4757722
4757669	3407304
4757669	4757675
4757670	4499401
4757671	4499402
4757672	179862
4757672	4512809
4757672	4758950
4757673	4535781
4757675	4757669
4757676	4535781
4757678	4757668
4757678	4758947
4757679	769649
4757679	4757691
4757679	4757692
4757680	4499466
4757680	4756212
4757680	4756214
4757680	4756219
4757681	162784
4757682	1525638
4757682	1537275
4757682	4757689
4757683	2040079
4757684	4535781
4757684	4758544
4757687	1405861
4757688	3468869
4757689	4757682
4757691	4757679
4757691	4757781
4757691	4758949
4757691	4758957
4757692	4757679
4757693	379211
4757693	4757716
4757694	4757667
4757694	4757780
4757695	38482
4757696	4757667
4757697	4757665
4757697	4758719
4757698	3468869
4757699	4757665
4757700	4757778
4757701	4712860
4757701	4757664
4757701	4757709
4757701	4758717
4757702	887
4757702	4757714
4757703	4757664
4757704	4757661
4757705	4757661
4757706	4757660
4757706	4757777
4757707	4757660
4757708	3677160
4757709	1829671
4757709	4757701
4757709	4757776
4757710	4757654
4757711	4757654
4757712	2187927
4757713	2937299
4757714	4757702
4757715	35434
4757716	4757693
4757717	4757648
4757718	2058783
4757718	4757720
4757718	4757721
4757719	1902921
4757720	4757718
4757721	4757718
4757722	4757668
4757723	737546
4757724	4757618
4757725	2123494
4757726	2123494
4757727	2123494
4757728	4757613
4757729	4757613
4757730	152949
4757731	2123494
4757732	4757608
4757733	2123494
4757734	2123494
4757735	4757606
4757736	2123494
4757737	2123494
4757738	4757594
4757740	2123494
4757741	2123494
4757742	2123494
4757743	4757592
4757745	4500254
4757746	3919233
4757747	3919233
4757748	4757587
4757749	3919233
4757750	4502151
4757751	3919233
4757752	3919233
4757753	1589022
4757754	4497207
4757755	3919233
4757756	4498852
4757757	4495530
4757758	4500586
4757759	4574675
4757760	4500358
4757761	46396
4757762	4495729
4757763	4494034
4757764	4494033
4757765	794756
4757766	794756
4757767	794756
4757768	2095600
4757769	446810
4757770	4229415
4757771	1737253
4757772	1737253
4757773	1737253
4757774	1831467
4757775	1737253
4757776	4757709
4757777	4757706
4757778	4757700
4757779	314730
4757780	4757694
4757781	4757691
4757782	152540
4757782	496158
4757782	496159
4757782	560018
4757782	797274
4757783	25668
4757784	1169557
4757785	4757008
4757786	52653
4757787	268084
4757788	2772960
4757789	4752179
4757790	478907
4757790	499539
4757790	778285
4757790	890415
4757790	1996169
4757791	4758020
4757791	4758272
4757794	2646434
4757795	1137623
4757796	4758013
4757796	4758863
4757797	1137623
4757798	2547899
4757800	2406110
4757802	1421626
4757802	1467243
4757803	802659
4757804	1860559
4757807	1860559
4757810	3148339
4757811	2028636
4757814	3024288
4757815	263322
4757817	113833
4757817	289840
4757817	514339
4757818	241570
4757819	113833
4757819	514339
4757820	2646136
4757821	2646136
4757823	3330314
4757824	1024569
4757824	4317037
4757825	794824
4757826	3405314
4757827	4758225
4757827	4758428
4757827	4758539
4757827	4758637
4757827	4758646
4757828	3405314
4757829	3151414
4757830	1479373
4757830	3389501
4757831	3151414
4757832	4645594
4757833	2547719
4757834	1798276
4757834	1798277
4757835	1874246
4757836	2249616
4757837	806979
4757838	1416066
4757839	46879
4757840	1841462
4757840	1868130
4757840	1997693
4757840	2353736
4757841	1997692
4757841	2236211
4757841	3116412
4757842	46879
4757843	4758068
4757843	4758816
4757843	4758817
4757844	33111
4757845	3821317
4757846	4757649
4757847	1894414
4757847	4758063
4757849	2376196
4757850	39631
4757851	99424
4757852	4757645
4757853	4758003
4757853	4758871
4757854	2468197
4757855	2468196
4757856	1466931
4757857	2468199
4757858	407133
4757858	407136
4757859	317271
4757860	1980889
4757861	1980889
4757862	249963
4757863	2538481
4757864	4757644
4757865	581158
4757866	1911963
4757866	2659319
4757867	2915276
4757867	3485218
4757868	4359824
4757869	2700108
4757870	2641759
4757871	2210881
4757872	2210881
4757873	3949847
4757873	4581370
4757874	2210881
4757875	1063890
4757875	3418773
4757877	2298169
4757878	19630
4757880	2674407
4757880	2674414
4757881	34364
4757882	4496076
4757883	261956
4757883	596015
4757884	242420
4757885	152593
4757885	4757887
4757886	1425
4757887	152593
4757887	4757885
4757888	395701
4757889	4757642
4757890	4757984
4757891	2982776
4757892	2982776
4757893	2045761
4757894	2067526
4757895	2273957
4757895	2274582
4757896	1176175
4757897	1176175
4757898	1176175
4757899	1176175
4757900	3701568
4757901	1665562
4757902	345347
4757903	3329464
4757904	361481
4757905	3997605
4757906	3201820
4757907	3201820
4757908	4757643
4757909	2235641
4757910	3826593
4757911	535680
4757912	3826593
4757913	4757570
4757914	2162683
4757915	3753444
4757916	659103
4757917	2162683
4757918	4757569
4757919	4540876
4757920	4755386
4757921	17004
4757922	2374634
4757923	17004
4757924	3191558
4757925	3191558
4757926	179325
4757927	3579484
4757928	580264
4757929	1751633
4757930	2859290
4757931	3927545
4757932	3191558
4757933	3918897
4757934	4757561
4757935	4757250
4757936	3920642
4757937	1295510
4757937	4309143
4757938	3317522
4757939	4757221
4757940	1857913
4757940	4757945
4757941	250288
4757942	4757219
4757943	3396623
4757944	3312045
4757945	1857913
4757945	4757940
4757946	3312045
4757947	2870883
4757948	2870883
4757949	260592
4757949	556451
4757950	556451
4757951	4079881
4757952	4757982
4757952	4758808
4757952	4758813
4757953	1773675
4757954	4079881
4757955	4502708
4757956	1857913
4757957	4502708
4757958	1857913
4757959	3915826
4757960	124838
4757960	279155
4757960	1253190
4757961	3915826
4757962	2548429
4757964	3058028
4757965	3058028
4757966	2241576
4757967	4758123
4757968	2241576
4757969	55517
4757970	2203656
4757971	2203656
4757972	2873334
4757973	1886780
4757974	1886780
4757975	1886780
4757976	1886780
4757977	1886780
4757978	789748
4757979	789748
4757981	1572841
4757982	4757952
4757983	1572841
4757984	4757890
4757985	2643953
4757986	292279
4757987	3330314
4757988	4757218
4757989	2740321
4757990	4758931
4757992	4758926
4757992	4759414
4757993	4758921
4757993	4758923
4757993	4759410
4757994	4758917
4757994	4759407
4757995	4759405
4757996	4758914
4757997	4758906
4757998	4758069
4757998	4758902
4757999	4758892
4757999	4758897
4758001	2954407
4758002	4757217
4758003	4757853
4758004	1997692
4758005	1798277
4758006	3633859
4758007	3123621
4758008	818823
4758009	138383
4758010	1997693
4758011	238805
4758012	2740867
4758013	4757796
4758014	4211704
4758015	4759121
4758016	149112
4758017	4757574
4758018	3024126
4758020	4757791
4758021	4757498
4758022	4757386
4758023	3903730
4758024	3903730
4758025	4757376
4758026	2322932
4758027	2843281
4758028	4757491
4758029	4757491
4758030	271070
4758031	4759120
4758032	4275690
4758033	4059251
4758034	622244
4758035	622244
4758036	4757442
4758037	3163238
4758038	271070
4758039	1941306
4758040	3483238
4758040	4758707
4758041	319047
4758042	4757061
4758043	4758276
4758044	283745
4758045	2343188
4758046	2343188
4758047	1887560
4758048	1887560
4758049	1024050
4758050	2539346
4758051	2956472
4758052	2011608
4758053	695164
4758054	1304654
4758055	2492431
4758056	1164881
4758059	3120704
4758060	175435
4758061	4758161
4758062	1098270
4758063	4757847
4758064	4758110
4758065	2646580
4758067	531189
4758068	4757843
4758068	4758816
4758068	4759267
4758069	4757998
4758070	4217056
4758071	4211877
4758072	1411991
4758073	2906667
4758074	2906666
4758075	3565500
4758076	1308069
4758077	63105
4758078	4335766
4758079	3940064
4758080	3889019
4758081	3871543
4758082	1478093
4758083	4487974
4758084	4039929
4758085	1886881
4758086	1886881
4758087	3842184
4758088	3842184
4758090	4759116
4758091	3890289
4758092	3772867
4758093	3625754
4758094	2513463
4758095	3156732
4758096	4630530
4758097	4630267
4758098	4630265
4758099	4630257
4758101	4333918
4758102	1360070
4758103	4038437
4758104	3693240
4758105	4630255
4758106	4531664
4758107	2699832
4758108	3804216
4758109	3332967
4758110	4758064
4758111	4630101
4758112	4630098
4758113	4758886
4758114	4630084
4758115	3054367
4758116	4630082
4758117	1669499
4758118	4495239
4758119	4495239
4758120	4630037
4758121	4630021
4758122	3177304
4758123	4757967
4758124	4630020
4758125	324073
4758126	2821674
4758127	4630004
4758128	2821674
4758129	721332
4758130	1671783
4758131	1009224
4758132	2763703
4758133	1009224
4758134	4629977
4758135	3729814
4758136	3949557
4758137	3733849
4758138	2610200
4758139	2647321
4758140	2647321
4758141	274389
4758142	4496671
4758143	3483238
4758144	4496671
4758145	4629976
4758146	4629956
4758147	4629955
4758148	275780
4758149	3483238
4758150	1242793
4758150	2841161
4758151	610824
4758151	4739438
4758152	1026221
4758153	318324
4758154	1026221
4758155	4759108
4758156	4629843
4758157	4629829
4758158	4759110
4758159	901936
4758160	4629769
4758161	4758061
4758162	4629746
4758163	101498
4758164	2538877
4758165	2696859
4758166	4629707
4758167	3185988
4758167	4758431
4758167	4758432
4758168	1667835
4758168	3523742
4758169	309992
4758170	249010
4758171	310580
4758172	4629696
4758173	310615
4758174	311007
4758175	311515
4758175	4758427
4758176	4757574
4758177	312552
4758177	4266550
4758178	312736
4758179	314573
4758179	2484304
4758179	4758425
4758180	4757477
4758181	317257
4758181	2462348
4758182	4629691
4758183	317358
4758183	2204777
4758184	388696
4758186	388731
4758186	676002
4758187	4757471
4758188	4757471
4758189	886996
4758189	4557801
4758190	887062
4758191	887066
4758191	4758399
4758192	887090
4758192	2532955
4758193	242782
4758194	4757379
4758195	887215
4758195	4758395
4758196	887215
4758196	4758395
4758197	46413
4758198	4757376
4758199	887218
4758199	4758394
4758200	887224
4758200	4557816
4758200	4758390
4758201	887351
4758202	887351
4758203	887354
4758204	887375
4758204	4758386
4758206	887375
4758206	3599650
4758206	4758381
4758207	887375
4758207	4758386
4758208	887375
4758208	3599650
4758208	4758381
4758211	4584440
4758211	4758703
4758211	4758704
4758212	887405
4758213	887479
4758213	1862821
4758214	887479
4758214	1862821
4758215	887480
4758215	4758371
4758215	4758372
4758216	887513
4758217	906847
4758218	1209626
4758219	1214820
4758220	1214820
4758221	1410320
4758221	4758368
4758222	1766546
4758222	2523417
4758222	2523418
4758223	2169630
4758224	2206495
4758224	3040386
4758225	4757827
4758225	4758428
4758225	4758539
4758225	4758838
4758226	2230194
4758227	4739411
4758228	4739411
4758228	4759868
4758229	2260250
4758230	2260250
4758231	2260261
4758231	4541994
4758232	2298099
4758232	4758357
4758233	2298175
4758233	2299154
4758233	3593076
4758233	3897277
4758234	2317562
4758235	2342366
4758236	2342381
4758236	4033138
4758237	2342381
4758237	4033138
4758238	2342381
4758238	4033138
4758239	2342659
4758239	4758343
4758240	2342659
4758240	4758344
4758241	2427879
4758242	2439845
4758244	2465111
4758246	2470733
4758246	2470776
4758246	2471464
4758246	3529783
4758247	321987
4758248	4759103
4758249	321987
4758250	321987
4758251	2486577
4758252	2490798
4758252	4045024
4758253	21400
4758254	2564666
4758254	2833786
4758255	4738600
4758256	2569047
4758256	4542028
4758257	2569047
4758257	4542028
4758258	4738600
4758259	2570846
4758259	4758286
4758260	4738600
4758260	4758877
4758261	2570846
4758261	4758286
4758262	1495756
4758263	2571039
4758263	4758284
4758264	2571039
4758264	4758284
4758265	4757358
4758267	4757353
4758268	266256
4758269	4738600
4758270	4738600
4758271	4738600
4758272	4757791
4758272	4758820
4758273	23838
4758274	4755414
4758275	4739586
4758275	4758873
4758276	4758043
4758276	4758814
4758277	3401578
4758277	4758812
4758278	4019148
4758279	625910
4758280	4756507
4758281	1970192
4758282	4739423
4758282	4758716
4758283	1970192
4758284	2571039
4758284	4758263
4758284	4758264
4758285	1970192
4758286	4758259
4758286	4758261
4758287	2587373
4758287	4758588
4758288	4720649
4758288	4720658
4758289	2588784
4758290	2588784
4758291	2652566
4758291	4271274
4758292	2688201
4758292	4756608
4758292	4758580
4758293	2688201
4758293	4756608
4758293	4758580
4758294	2716840
4758294	4155991
4758294	4758579
4758295	2745337
4758296	2441982
4758296	2774783
4758296	4758576
4758297	2361127
4758298	2801163
4758300	4757324
4758301	2361127
4758302	2948365
4758303	2969065
4758303	3332783
4758304	49866
4758305	3000828
4758306	3004736
4758306	4758567
4758307	3004736
4758307	4758567
4758308	3034181
4758308	3035051
4758309	3034181
4758309	4758563
4758310	3175716
4758311	4757323
4758312	1027685
4758313	2235919
4758314	4737572
4758315	4737572
4758315	4759014
4758316	1970192
4758317	4758320
4758317	4758321
4758318	4757369
4758319	103118
4758320	4758317
4758321	4758317
4758322	3175716
4758323	2482642
4758323	4758795
4758324	4498521
4758324	4737572
4758325	4737572
4758326	3034181
4758327	311850
4758328	3303978
4758328	4758492
4758329	3303978
4758329	4758492
4758331	4759567
4758331	4759568
4758332	3456911
4758333	3043300
4758333	3461477
4758334	3631381
4758335	3634789
4758337	3707647
4758338	3752964
4758339	3752964
4758340	4758348
4758340	4758352
4758341	3763306
4758341	4509776
4758343	2342659
4758343	4758239
4758344	2342659
4758344	4758240
4758345	313042
4758345	788256
4758346	2342659
4758347	313118
4758348	4758340
4758349	313156
4758350	313260
4758351	840808
4758352	4758340
4758353	840808
4758354	313382
4758354	1987554
4758354	4758460
4758355	4391606
4758356	4737247
4758357	4758232
4758359	4737247
4758359	4758714
4758360	313606
4758360	4758454
4758361	313606
4758361	4758455
4758361	4758456
4758362	2991058
4758362	4758792
4758362	4758793
4758363	313606
4758363	4758454
4758366	314283
4758367	314346
4758367	1530703
4758368	4758221
4758369	314417
4758369	1341336
4758370	314417
4758370	1341336
4758371	887480
4758371	909910
4758371	4758215
4758372	4758215
4758373	314786
4758374	4737713
4758374	4758860
4758374	4759831
4758374	4759867
4758375	694439
4758376	3647433
4758377	315238
4758378	315238
4758380	2762935
4758380	4758387
4758381	4758206
4758381	4758208
4758382	315375
4758383	543739
4758384	315701
4758384	4758450
4758385	315701
4758385	4758450
4758386	4758204
4758386	4758207
4758387	4758380
4758388	316051
4758390	887224
4758390	1189356
4758390	4758200
4758391	316428
4758391	1576210
4758391	4758445
4758392	316589
4758392	4758448
4758393	316783
4758394	4758199
4758395	887215
4758395	1324291
4758395	4758195
4758395	4758196
4758398	317043
4758399	4758191
4758400	517732
4758401	2391925
4758402	317196
4758403	4738567
4758403	4758404
4758403	4759866
4758404	4738567
4758404	4758403
4758406	317391
4758406	694286
4758406	2889013
4758407	3732990
4758407	3967432
4758408	3732990
4758408	3967432
4758409	317481
4758410	317518
4758410	3761735
4758410	4758426
4758411	3732990
4758412	3732990
4758413	317518
4758413	3761737
4758413	4758421
4758414	4758419
4758414	4758422
4758414	4758424
4758415	3732990
4758417	3732990
4758419	4758414
4758421	317518
4758421	4758413
4758422	4758414
4758424	4758414
4758425	314573
4758425	4758179
4758426	317518
4758426	4758410
4758427	311515
4758427	4758175
4758428	4757827
4758428	4758225
4758429	630992
4758431	3185988
4758431	4758167
4758432	3185988
4758432	4758167
4758433	1150836
4758434	1370378
4758435	4758439
4758435	4758442
4758436	4757515
4758437	1150836
4758438	1150836
4758439	4758435
4758440	4738289
4758440	4758441
4758441	4738289
4758441	4758440
4758442	4758435
4758443	1384508
4758444	1629775
4758445	1049914
4758445	4758391
4758447	1897636
4758448	4758392
4758449	2295508
4758450	315701
4758450	4758384
4758450	4758385
4758452	3755337
4758454	313606
4758454	1258410
4758454	4758360
4758454	4758363
4758455	4758361
4758456	4758361
4758457	2375694
4758458	3710603
4758459	1410378
4758460	912857
4758460	4758354
4758461	3710601
4758462	2295509
4758463	2295509
4758466	2295509
4758468	4631970
4758469	4719446
4758470	4448146
4758471	2684991
4758474	2684991
4758475	2884091
4758476	4631940
4758477	3280773
4758478	2884091
4758480	3074277
4758481	3074277
4758482	4737569
4758483	4737569
4758484	3074277
4758485	4497938
4758485	4758658
4758486	647324
4758486	4497938
4758488	3074277
4758489	371185
4758490	2965009
4758492	3303978
4758492	4758328
4758492	4758329
4758493	4737568
4758493	4758514
4758493	4758524
4758493	4758664
4758494	4737568
4758494	4758503
4758494	4758514
4758494	4758515
4758494	4758653
4758494	4758857
4758497	1381
4758498	382728
4758499	3251794
4758500	518290
4758501	270113
4758501	334669
4758501	4468784
4758502	4413799
4758503	4758494
4758503	4758514
4758503	4758515
4758503	4758653
4758504	442240
4758505	442240
4758506	442240
4758507	442240
4758508	526333
4758509	569733
4758510	549661
4758511	469931
4758512	4632256
4758513	11661
4758513	513353
4758514	4497937
4758514	4758493
4758514	4758494
4758514	4758503
4758515	4758494
4758515	4758503
4758517	1481680
4758518	392784
4758519	1555045
4758519	1612098
4758519	4758648
4758520	919051
4758521	1761856
4758521	4758640
4758521	4758641
4758521	4758644
4758521	4758645
4758522	1761856
4758522	4758640
4758522	4758641
4758524	4497937
4758524	4758493
4758525	1816621
4758529	4497937
4758530	2174041
4758530	2195048
4758531	4497937
4758532	4497937
4758533	2206830
4758534	4497937
4758535	2210281
4758535	3577950
4758536	2210461
4758536	4758634
4758537	2217615
4758537	4122511
4758538	2249256
4758539	4757827
4758539	4758225
4758540	652160
4758541	652160
4758542	4758546
4758542	4758549
4758542	4758551
4758543	2254036
4758544	4757684
4758544	4758713
4758544	4758724
4758546	4758542
4758547	2259124
4758548	2259187
4758549	4758542
4758550	2260357
4758550	4303351
4758550	4303389
4758551	4758542
4758553	2282059
4758554	2292579
4758554	2292582
4758555	2298110
4758556	2298110
4758556	4758617
4758557	2298137
4758557	3593043
4758558	2298137
4758558	3593043
4758559	2298159
4758559	3766394
4758560	2298184
4758561	2317570
4758562	2324041
4758563	4758309
4758564	2334931
4758564	4758614
4758565	2334931
4758565	4758614
4758566	2342406
4758567	4758306
4758567	4758307
4758568	4632404
4758569	2342488
4758570	2342574
4758570	2342580
4758571	4749532
4758572	2342651
4758573	2427899
4758573	4275936
4758575	2438590
4758575	3476236
4758576	4758296
4758577	2438590
4758578	4747746
4758578	4758590
4758578	4758711
4758579	4758294
4758580	2688201
4758580	4758292
4758580	4758293
4758581	2449405
4758582	2454055
4758582	4758603
4758582	4758604
4758584	2454134
4758584	4486689
4758585	2454198
4758587	2044542
4758587	4758589
4758588	4758287
4758589	4758587
4758590	4758578
4758591	4633327
4758592	1302209
4758593	2783030
4758593	4632404
4758593	4633321
4758594	4681264
4758595	2458634
4758595	4036417
4758596	2460820
4758597	2460861
4758598	3626718
4758599	4251312
4758601	2460943
4758601	2571332
4758601	2571339
4758602	2470530
4758602	4758715
4758603	4758582
4758604	4758582
4758605	2470464
4758605	3529822
4758606	2473438
4758607	2478424
4758607	2478483
4758607	3879300
4758608	4633312
4758609	2478447
4758609	4758712
4758610	1703881
4758610	2478833
4758611	2483107
4758612	2483398
4758613	4633033
4758614	4758564
4758614	4758565
4758615	2483403
4758615	4183906
4758615	4183907
4758616	4633583
4758617	4758556
4758618	2483414
4758618	3605296
4758618	3605297
4758619	1370378
4758620	2483415
4758620	4758708
4758621	2483415
4758621	4758708
4758622	2483434
4758622	4583065
4758624	2488934
4758624	2488987
4758625	4251488
4758626	2490446
4758626	2490482
4758626	3183194
4758626	3443364
4758627	2395002
4758628	4251488
4758629	4251488
4758630	4251488
4758631	2345549
4758631	2490806
4758631	4045027
4758632	2345549
4758632	2490806
4758632	4045027
4758633	4633576
4758634	4758536
4758635	2491837
4758635	4758695
4758635	4758696
4758636	2491837
4758636	4758695
4758636	4758696
4758637	4757827
4758638	4633538
4758639	2496205
4758640	4758521
4758640	4758522
4758641	1761856
4758641	4758521
4758641	4758522
4758642	2505930
4758642	4758694
4758643	2510832
4758643	2514245
4758643	4758693
4758644	4758521
4758645	4758521
4758646	4757827
4758647	2513111
4758648	1555045
4758648	4758519
4758649	2556256
4758650	2556295
4758650	2558682
4758650	4758690
4758650	4758691
4758651	2556299
4758652	2556299
4758653	4758494
4758653	4758503
4758654	2556518
4758655	4633337
4758657	2561729
4758658	4758485
4758659	2565533
4758659	4758681
4758660	2565533
4758660	4758681
4758661	2565561
4758661	4758677
4758662	2565561
4758662	4758677
4758663	2565711
4758663	3495882
4758664	4758493
4758665	2565905
4758666	4497937
4758666	4739806
4758667	1397126
4758668	2566006
4758669	2568349
4758669	3902616
4758670	2568387
4758671	525903
4758672	525903
4758673	385577
4758674	4757215
4758675	4633368
4758677	2565561
4758677	4758661
4758677	4758662
4758679	1039923
4758680	1039923
4758681	2565533
4758681	4758659
4758681	4758660
4758682	1039923
4758683	215160
4758684	4745446
4758686	1041443
4758687	1041443
4758688	270089
4758688	333750
4758688	1130864
4758689	215775
4758690	4758650
4758691	4758650
4758692	1147620
4758693	4758643
4758694	4758642
4758695	2491837
4758695	2491995
4758695	4758635
4758695	4758636
4758696	2491837
4758696	2491995
4758696	4758635
4758696	4758636
4758698	2956613
4758699	2953744
4758700	194843
4758701	3042334
4758702	198797
4758703	4758211
4758704	4758211
4758705	3313139
4758706	241956
4758707	4758040
4758707	4758784
4758708	2483415
4758708	4758620
4758708	4758621
4758709	292508
4758711	4758578
4758712	2478447
4758712	4758609
4758713	4758544
4758714	4758359
4758715	4758602
4758716	4758282
4758717	4757701
4758718	195452
4758719	4757697
4758720	4499415
4758721	2640251
4758722	1056863
4758722	1081449
4758722	3643718
4758723	4757645
4758724	4758544
4758725	195563
4758726	4757645
4758727	2035553
4758728	4499412
4758729	4499413
4758730	4757390
4758731	1056863
4758732	195990
4758734	4494972
4758735	196806
4758736	462794
4758736	970840
4758736	1187987
4758737	108236
4758738	4635357
4758740	4499398
4758741	4499398
4758742	4758743
4758743	4758742
4758745	3923426
4758746	65805
4758746	615482
4758746	1370613
4758747	4758749
4758747	4758750
4758748	196991
4758749	4758747
4758750	4758747
4758751	113678
4758753	115004
4758754	198050
4758755	119427
4758756	3134488
4758757	4757530
4758758	4499393
4758759	4499367
4758760	270396
4758761	198275
4758762	4635174
4758763	950233
4758764	950233
4758765	950233
4758766	4758767
4758767	4758766
4758768	2214991
4758768	2214992
4758768	2214994
4758768	2214995
4758768	3605626
4758769	4635171
4758770	2214991
4758770	2214992
4758770	2214994
4758770	2214995
4758770	3605626
4758771	198292
4758772	3022602
4758773	227185
4758774	4758782
4758776	348118
4758778	2275801
4758778	2341879
4758778	4499369
4758779	4499354
4758780	4499355
4758781	4499356
4758782	4758774
4758783	4499359
4758784	4758707
4758785	4499359
4758786	4499360
4758787	4499364
4758788	4499343
4758790	4499347
4758791	4499349
4758792	4758362
4758793	4758362
4758795	4758323
4758796	4635424
4758797	4499352
4758798	4499353
4758799	4499327
4758800	136352
4758801	4499328
4758802	4499335
4758803	1970192
4758804	4499336
4758805	229941
4758806	4499311
4758807	4499314
4758808	4757952
4758809	227079
4758810	137968
4758811	137968
4758812	4758277
4758813	4757952
4758814	4758276
4758815	218972
4758816	4757843
4758816	4758068
4758816	4759267
4758817	4757843
4758819	2053817
4758819	4758821
4758820	4758272
4758821	2053817
4758821	2053824
4758821	2449561
4758821	2449562
4758821	2449563
4758821	2449564
4758821	2449565
4758821	2449566
4758821	4758819
4758822	4635421
4758823	4745431
4758823	4758850
4758823	4759864
4758824	224409
4758825	4586709
4758826	2729340
4758827	224955
4758828	4754699
4758829	4586561
4758831	4586787
4758832	4586785
4758833	4463823
4758834	2009305
4758835	2009305
4758836	2009305
4758837	2704151
4758838	4758225
4758839	4752211
4758840	4752211
4758841	4743621
4758844	4754609
4758845	175236
4758846	4586778
4758849	4743483
4758850	4758823
4758852	179954
4758853	4602415
4758854	182164
4758856	4586781
4758857	4758494
4758860	4758374
4758861	182591
4758863	4757796
4758864	4586770
4758865	4742426
4758867	4586750
4758868	174641
4758868	239828
4758869	4586748
4758870	168559
4758871	4757853
4758872	3669495
4758873	4758275
4758874	4752182
4758875	4752182
4758876	753324
4758877	4758260
4758878	2060649
4758878	2062408
4758878	3171664
4758879	2341272
4758880	312647
4758881	169389
4758882	267354
4758883	2565425
4758884	4752175
4758884	4753465
4758885	308417
4758886	4758113
4758889	4751731
4758890	4592103
4758890	4758958
4758891	170068
4758892	4757999
4758893	4498095
4758894	4498095
4758895	4582691
4758896	31819
4758897	4757999
4758898	4750239
4758899	4750221
4758900	3081623
4758900	3081624
4758900	4758910
4758900	4758911
4758901	4750200
4758901	4751425
4758902	4757998
4758903	4750200
4758903	4751424
4758904	171343
4758905	4750194
4758906	4757997
4758907	4498562
4758908	3920885
4758910	4758900
4758911	4758900
4758912	4750091
4758913	3409913
4758914	4757996
4758915	4750033
4758916	954846
4758917	4757994
4758918	4750029
4758918	4750159
4758920	4750021
4758921	4757993
4758922	4739588
4758923	4757993
4758924	4749977
4758925	4565125
4758925	4739405
4758925	4759834
4758925	4759835
4758925	4759863
4758926	4757992
4758927	4749965
4758928	4579109
4758929	2255143
4758930	173773
4758931	4757990
4758932	4749975
4758933	954846
4758934	4578485
4758935	2778156
4758936	4749962
4758937	4749962
4758938	4577221
4758939	4499317
4758941	4749943
4758943	4749059
4758944	4499306
4758945	2219240
4758946	1977734
4758946	1978527
4758946	3767559
4758947	4757678
4758948	4744534
4758949	4757691
4758950	4757672
4758952	4757649
4758954	68518
4758955	4499297
4758957	4757691
4758958	4758890
4758959	4744521
4758960	4744521
4758963	436
4758964	4577025
4758966	4576678
4758967	4499282
4758968	4499282
4758969	4757570
4758970	4499283
4758971	4499283
4758972	4499271
4758973	188846
4758974	4574760
4758975	188721
4758976	3069827
4758977	4744100
4758977	4744163
4758978	4574686
4758979	2254884
4758980	4585955
4758981	4574678
4758982	4744140
4758982	4749551
4758983	4574677
4758984	4585955
4758985	4498095
4758987	1327632
4758987	4744140
4758988	4573701
4758990	4573684
4758991	1553523
4758991	1677181
4758991	1677188
4758992	4573673
4758993	2905162
4758994	4573679
4758995	184053
4758996	4744061
4758996	4749625
4758997	1334592
4758997	1998759
4758998	1783793
4758999	4744061
4759001	185132
4759002	4573450
4759003	4573451
4759004	4573443
4759006	188103
4759007	4573436
4759009	4759399
4759009	4759862
4759010	4759396
4759010	4759832
4759010	4759861
4759011	4573423
4759012	4573061
4759013	4744057
4759014	4758315
4759015	4573000
4759016	4744046
4759017	4572602
4759018	4744026
4759019	4744026
4759020	4572308
4759021	4759024
4759022	4572177
4759023	4499236
4759024	4759021
4759025	3023503
4759026	4571670
4759027	4571566
4759028	4744207
4759028	4745319
4759029	15444
4759030	1074124
4759031	2638770
4759032	1987069
4759033	3062659
4759034	3260318
4759035	4571463
4759036	3594670
4759037	3330512
4759038	2752331
4759039	4571429
4759040	407881
4759041	4571199
4759042	4570981
4759043	2015125
4759044	4570972
4759045	2045772
4759046	4549638
4759047	4568142
4759048	4568140
4759049	4567906
4759050	4567904
4759051	4741823
4759051	4744307
4759052	4567880
4759053	4567870
4759054	4570981
4759055	4745319
4759056	4744194
4759057	4566428
4759058	4565997
4759059	4350341
4759060	4737237
4759061	4565926
4759062	4565920
4759063	4565765
4759064	312908
4759065	4565755
4759066	4565753
4759067	2951880
4759068	2389861
4759069	3186786
4759070	2951880
4759071	4563730
4759072	2518563
4759073	2951880
4759074	3791374
4759075	3791374
4759076	4437937
4759077	755245
4759079	1486386
4759080	3920453
4759081	3920453
4759082	4744020
4759083	4563725
4759084	64922
4759085	4563725
4759086	4744025
4759086	4744205
4759087	4437937
4759089	4744205
4759090	2063821
4759091	4563348
4759092	823142
4759092	1221529
4759092	4553079
4759092	4563723
4759093	4562180
4759094	4759101
4759095	4562085
4759096	4561920
4759097	2958734
4759098	4561347
4759099	4560220
4759100	2958734
4759100	4759105
4759101	4759094
4759103	4758248
4759105	2958734
4759105	2968214
4759105	2968285
4759105	4759100
4759106	430246
4759107	4505529
4759108	4758155
4759109	1235857
4759110	4758158
4759111	4504134
4759112	4504003
4759113	388760
4759113	545144
4759113	1506061
4759114	4739390
4759114	4752728
4759115	4504001
4759116	4758090
4759117	4503992
4759118	4503991
4759119	538646
4759120	4758031
4759121	4758015
4759122	4503985
4759123	3053350
4759124	4503994
4759125	4503490
4759126	4756453
4759127	4503478
4759128	4503470
4759130	41781
4759130	204540
4759130	4759136
4759131	2956307
4759132	2956307
4759133	6258
4759133	258992
4759134	6258
4759135	3667612
4759136	41781
4759136	204540
4759136	4759130
4759137	1173265
4759137	1937180
4759137	2796260
4759138	3667613
4759139	4738598
4759139	4759159
4759139	4759160
4759140	4499237
4759141	4759147
4759142	4499238
4759143	4499239
4759144	4499241
4759145	4499247
4759146	4499249
4759147	4759141
4759148	569296
4759151	4499229
4759152	4499230
4759153	4499231
4759154	4499232
4759155	4499232
4759156	680537
4759157	4503459
4759158	3667611
4759159	4759139
4759160	4759139
4759161	4503466
4759162	4503453
4759163	2994962
4759164	4503435
4759165	1398003
4759166	237539
4759166	388616
4759166	3130495
4759167	3619614
4759168	2566021
4759169	2566021
4759170	2967434
4759171	3723521
4759172	3000807
4759173	4502468
4759174	4016630
4759175	3000999
4759176	4726214
4759177	3001357
4759177	3001601
4759178	4738571
4759178	4759270
4759179	4502344
4759180	3006744
4759181	4738570
4759181	4759268
4759182	4502345
4759183	3010127
4759184	4499209
4759186	4502356
4759187	4384948
4759188	3046210
4759188	4759261
4759188	4759263
4759189	3120955
4759190	4499191
4759191	3123282
4759192	3126749
4759192	3126795
4759192	4759202
4759193	3085069
4759194	4502341
4759195	3126749
4759195	3126795
4759195	4759202
4759196	4738569
4759197	3170399
4759199	4502334
4759200	4502331
4759201	3494824
4759202	3126749
4759202	4759192
4759202	4759195
4759203	4502317
4759204	4502316
4759205	3638422
4759206	3170486
4759206	4759259
4759207	4502314
4759208	4502312
4759209	4499205
4759210	4502311
4759211	3303788
4759211	4759255
4759212	3303788
4759212	4759254
4759213	2717505
4759214	3636946
4759215	1898430
4759216	3877536
4759217	3639798
4759217	4473240
4759218	4502291
4759219	1992991
4759220	4014912
4759221	3738133
4759221	4759252
4759222	43919
4759223	4502290
4759224	3752928
4759225	3752945
4759226	4502288
4759227	4738568
4759228	3752965
4759228	4152660
4759229	4502286
4759230	4738568
4759231	3756455
4759232	3756455
4759232	4759244
4759233	932529
4759234	3756455
4759235	3763388
4759235	4759240
4759236	4660239
4759237	3765214
4759237	3770946
4759238	3861615
4759238	3862320
4759239	3873873
4759239	3874613
4759239	4759302
4759239	4759303
4759240	372867
4759240	1695358
4759240	3763388
4759240	4759235
4759241	3880596
4759241	4022402
4759242	4502283
4759243	3924627
4759243	4759378
4759244	4759232
4759245	4502277
4759246	3941699
4759246	3941961
4759246	3942225
4759248	2639733
4759249	3966062
4759250	4502276
4759251	3966062
4759252	4759221
4759253	2496420
4759253	3983903
4759254	4759212
4759255	4759211
4759256	4502278
4759257	3983914
4759258	3773097
4759259	4759206
4759260	4002818
4759260	4759377
4759261	4759188
4759262	2304625
4759262	4069212
4759263	3046210
4759263	4759188
4759264	58474
4759265	4502282
4759266	4121200
4759266	4128727
4759267	4758068
4759267	4758816
4759267	4759283
4759268	4738570
4759268	4759181
4759269	4121205
4759270	4759178
4759271	4502266
4759272	281090
4759274	39261
4759274	202049
4759274	1309728
4759274	1309729
4759275	4224103
4759275	4224113
4759276	4224103
4759276	4224113
4759277	4502260
4759278	4502258
4759279	4665136
4759280	4502256
4759281	2167519
4759282	4502255
4759283	4759267
4759284	4502254
4759285	1963154
4759286	547685
4759286	945547
4759286	969785
4759286	1012382
4759286	3454067
4759287	42139
4759288	2290379
4759289	72538
4759289	683513
4759289	4759291
4759290	269915
4759291	72538
4759291	683513
4759291	4759289
4759292	1550197
4759293	4499188
4759295	4499189
4759296	4750416
4759296	4750417
4759296	4750507
4759296	4750842
4759296	4759297
4759297	4750416
4759297	4750417
4759297	4750507
4759297	4750842
4759297	4759296
4759299	1304578
4759300	2053933
4759300	2053938
4759300	2053940
4759301	18141
4759301	179284
4759301	1327377
4759301	1944908
4759302	4759239
4759303	4759239
4759306	4750416
4759306	4750417
4759306	4750503
4759306	4750507
4759306	4750842
4759308	2265987
4759308	2895069
4759310	4499173
4759312	3572802
4759313	2269332
4759313	2299460
4759313	2299461
4759314	1956079
4759315	4759359
4759315	4759395
4759315	4759479
4759315	4759859
4759317	2330072
4759317	2330676
4759318	54013
4759318	370421
4759318	425924
4759318	456915
4759318	578961
4759319	4502237
4759320	1570777
4759321	881620
4759322	54013
4759322	216707
4759322	4707754
4759323	4502233
4759325	320147
4759326	147191
4759328	4502233
4759329	4502233
4759330	4502216
4759331	4499159
4759332	4057626
4759333	4502203
4759334	4057638
4759335	320147
4759336	4502202
4759337	115212
4759337	288459
4759338	4502201
4759339	4502198
4759340	4502197
4759341	460904
4759343	4502192
4759345	4502170
4759346	4502169
4759347	4502166
4759348	90180
4759348	313534
4759349	4502167
4759350	4502159
4759351	3073722
4759352	4499154
4759353	69916
4759354	4499154
4759355	69916
4759356	4499137
4759357	1839495
4759358	2058145
4759359	4759315
4759360	4502157
4759362	4502152
4759363	4499141
4759364	4499141
4759365	4502150
4759366	4502149
4759367	4502145
4759368	4502144
4759369	4502129
4759370	4499128
4759371	4502125
4759372	3171117
4759373	4502114
4759374	4502110
4759375	4502087
4759376	4502088
4759377	4759260
4759378	4759243
4759379	274938
4759380	4502069
4759381	4260355
4759382	4499131
4759383	4499132
4759384	4499133
4759385	680932
4759386	4502048
4759387	4499110
4759388	4502047
4759389	4502046
4759390	4502045
4759391	4502044
4759392	388299
4759393	4502042
4759394	4502041
4759395	4759315
4759396	4759010
4759397	2538517
4759399	4759009
4759401	4499088
4759402	4499088
4759404	4499089
4759405	4757995
4759406	4501982
4759407	4757994
4759408	4499051
4759409	4499051
4759410	4757993
4759412	3274953
4759413	4499054
4759414	4757992
4759415	1872494
4759416	4759424
4759416	4759470
4759417	1872485
4759417	1872819
4759417	1949762
4759418	4757422
4759419	1961288
4759421	4501978
4759422	1961288
4759423	4756799
4759424	4759416
4759425	1961288
4759426	4499060
4759427	4499062
4759428	1961288
4759429	4499064
4759430	4756228
4759431	4499064
4759432	4499066
4759433	4499042
4759434	4499045
4759435	4499045
4759436	4499031
4759437	4499031
4759438	4755835
4759439	4755834
4759440	4499034
4759441	4499039
4759442	4499039
4759443	4755832
4759444	4499033
4759445	4755525
4759446	4499026
4759447	4499027
4759448	4499027
4759449	4755522
4759450	4499016
4759451	4755391
4759452	4499023
4759453	4755351
4759454	4755080
4759455	4499005
4759456	270922
4759457	4498984
4759458	4498987
4759459	4498987
4759460	4498988
4759461	4498975
4759461	4549913
4759462	4498978
4759463	1482469
4759464	4753640
4759466	4753636
4759467	4498951
4759468	4753640
4759469	2537770
4759470	4759416
4759471	4750643
4759472	4750637
4759473	4750635
4759474	4498954
4759475	4498954
4759475	4759621
4759476	4749996
4759477	4498956
4759478	4498956
4759478	4759617
4759479	4759315
4759480	4498937
4759481	3494841
4759482	4498938
4759482	4759599
4759482	4759600
4759482	4759602
4759482	4759606
4759483	4498939
4759484	4498938
4759485	4498939
4759486	4338198
4759487	4498940
4759488	4749570
4759489	2149741
4759490	4498940
4759490	4759611
4759490	4759613
4759491	4749569
4759492	3816869
4759493	4498931
4759494	4749561
4759495	4738291
4759496	4738291
4759497	4498932
4759497	4759593
4759498	2533475
4759499	4746172
4759500	4501968
4759501	3127901
4759502	4501966
4759503	54013
4759504	4737245
4759505	2285993
4759506	54013
4759507	1710064
4759508	1710064
4759509	264152
4759510	315651
4759511	46651
4759512	3667383
4759513	72538
4759514	61525
4759514	4759517
4759515	72538
4759516	72538
4759517	61525
4759517	263831
4759517	745661
4759517	1305815
4759517	4759514
4759518	4739585
4759519	4539821
4759520	4539821
4759521	4539821
4759522	2964430
4759523	2964430
4759524	4759525
4759524	4759526
4759524	4759528
4759525	4759524
4759526	4759524
4759526	4759872
4759527	4539824
4759528	4759524
4759529	4501963
4759530	4501962
4759531	4501959
4759532	3288502
4759533	4501955
4759534	4759543
4759535	4501956
4759536	2631999
4759536	4505879
4759537	4737231
4759538	4735825
4759539	4501952
4759540	2290379
4759541	2290379
4759542	4501948
4759543	4759534
4759544	21099
4759544	4505756
4759545	4501944
4759546	4501945
4759547	4501943
4759548	4754807
4759549	4501942
4759550	4501941
4759551	4501937
4759553	4501926
4759554	388616
4759554	4759559
4759555	4501924
4759556	4501921
4759557	4501917
4759558	4501916
4759559	4759554
4759560	4501915
4759561	4501914
4759563	4501907
4759564	4501904
4759565	4501903
4759566	4501902
4759567	4758331
4759568	4758331
4759569	4501899
4759570	4501898
4759571	4757523
4759572	4501885
4759574	4752332
4759575	4501877
4759576	4501875
4759577	4752292
4759577	4759586
4759578	4501872
4759579	4501871
4759580	4501862
4759581	4501856
4759582	4501856
4759583	4501855
4759584	4501848
4759585	4501846
4759586	4759577
4759587	4501835
4759588	4501833
4759589	4501831
4759590	853146
4759591	4501830
4759592	4501828
4759593	4759497
4759594	409771
4759595	4501825
4759596	4501822
4759597	4501826
4759598	2970709
4759599	4498938
4759599	4759482
4759600	4759482
4759601	4501805
4759602	4759482
4759603	17735
4759604	568569
4759605	4501804
4759606	4759482
4759608	305558
4759609	4501802
4759610	247916
4759610	1299219
4759611	4759490
4759612	4501789
4759613	4759490
4759615	63377
4759616	4501790
4759617	4759478
4759618	4501783
4759619	4501775
4759620	4501773
4759621	4759475
4759622	4501772
4759623	4501771
4759624	4501770
4759625	4501769
4759626	4501766
4759627	4501764
4759628	4501765
4759629	4501756
4759630	4501755
4759631	4501753
4759632	4501752
4759633	4501749
4759634	4501748
4759635	4501747
4759636	4501746
4759637	4501731
4759638	4501728
4759639	4501725
4759640	4737919
4759641	4501722
4759642	4501720
4759643	4501719
4759645	4501716
4759646	4501715
4759647	4501714
4759648	4501702
4759649	4501701
4759650	4501699
4759651	4501696
4759652	4501695
4759653	4501693
4759654	4501675
4759655	4501673
4759656	4501665
4759657	4501637
4759658	4501634
4759659	4501633
4759660	4501631
4759661	4501631
4759662	4501630
4759663	4501629
4759664	4501628
4759665	4501626
4759666	4501608
4759667	4501606
4759668	4501604
4759669	4501603
4759670	3221479
4759671	3221479
4759672	2375876
4759673	4501602
4759674	4501597
4759675	4501595
4759676	4501594
4759677	4501596
4759679	4501587
4759680	4501583
4759681	4501582
4759682	4501581
4759683	4501578
4759684	262581
4759685	2891364
4759686	4501568
4759687	4501566
4759688	4501565
4759689	4501564
4759690	4501559
4759691	4501561
4759692	4501558
4759693	4501557
4759694	4501554
4759695	4501542
4759696	4501540
4759697	4501535
4759698	4501531
4759699	3918284
4759700	3696783
4759701	4501529
4759702	4501520
4759703	954969
4759704	954968
4759705	4501517
4759706	4501513
4759707	4501512
4759708	4501509
4759709	4501498
4759710	4501494
4759711	4501490
4759712	4501489
4759713	4501485
4759714	4501479
4759715	4501463
4759716	4501462
4759717	4501460
4759718	4501459
4759719	4501458
4759720	4501456
4759721	4501454
4759722	4501453
4759723	4501452
4759724	4501431
4759725	4501430
4759726	4501423
4759727	4501420
4759728	4501418
4759729	4501414
4759730	4501413
4759731	4501395
4759732	4501394
4759733	4501393
4759734	4501385
4759735	4501376
4759736	4501361
4759737	4501346
4759738	4501323
4759739	4501322
4759740	4501321
4759741	4501313
4759742	4501312
4759743	4501306
4759744	4501295
4759745	4501289
4759746	4501283
4759747	4501282
4759748	4501264
4759749	899808
4759750	1298744
4759751	641250
4759752	4751829
4759753	4751829
4759755	1359233
4759756	3971017
4759757	436381
4759758	3222924
4759759	1405554
4759760	1773536
4759761	1402587
4759762	3549604
4759763	2194836
4759764	2624396
4759765	604575
4759766	4124851
4759767	390354
4759768	724028
4759769	931164
4759770	2369766
4759771	829328
4759772	3203131
4759773	1888891
4759775	343541
4759776	203561
4759777	517373
4759778	3013078
4759779	928213
4759780	3299824
4759781	404712
4759782	816992
4759783	1654549
4759784	1048099
4759785	4737503
4759786	2841593
4759786	2845044
4759786	3864521
4759787	2841593
4759788	58883
4759789	1634930
4759790	474778
4759791	3631642
4759791	4759871
4759792	2366758
4759793	4497330
4759794	4498445
4759795	4500538
4759796	4502082
4759797	2511831
4759798	2483499
4759799	2544418
4759800	2544998
4759801	2583351
4759802	2643852
4759803	4512624
4759804	3305897
4759805	1737801
4759805	4759869
4759806	3723938
4759807	3732303
4759808	3917323
4759809	3920541
4759810	3920542
4759811	2583351
4759812	4708255
4759813	40175
4759814	248984
4759815	263245
4759816	1562123
4759817	1723298
4759818	1893685
4759819	1901800
4759820	1053682
4759820	4759865
4759821	1961573
4759822	1970183
4759823	2044713
4759824	2270051
4759825	2540343
4759826	2543225
4759827	2583352
4759828	2643126
4759829	2644721
4759830	2644724
4759831	4758374
4759832	4759010
4759833	1637046
4759834	4758925
4759835	4758925
4759836	1776284
4759836	4759858
4759837	730353
4759838	4678776
4759838	4678777
4759838	4759855
4759839	4636798
4759839	4759849
4759839	4759853
4759840	4607869
4759840	4759847
4759842	2270295
4759843	2270295
4759844	1911060
4759845	2266687
4759846	2266687
4759847	4759840
4759848	2266686
4759849	4759839
4759850	3574631
4759851	1534460
4759852	1534460
4759853	4759839
4759854	4141168
4759855	4759838
4759856	4170658
4759857	106122
4759857	132236
4759857	297564
4759857	480501
4759857	1286552
4759858	4759836
4759859	4759315
4759860	1293479
4759861	4759010
4759862	4759009
4759863	4758925
4759864	4758823
4759865	4759820
4759866	4758403
4759867	4758374
4759868	4758228
4759869	4759805
4759871	4759791
4759872	4759526
4759873	2235841
4759874	1028418
4759875	1680367
4759876	4759879
4759878	4519500
4759879	4759876
4759880	3902076
4759881	4009232
4759882	4759884
4759883	3859832
4759884	4759882
4759885	1747654
4759886	1679403
4759887	1761442
4759888	3930909
4759889	2880577
4759890	1700590
4759891	1817068
4759892	4759894
4759893	4588034
4759894	4759892
4759895	3902001
4759896	2859491
4759897	3998241
4759898	71292
4759899	3185165
4759900	4500505
4759901	2642156
4759902	3738019
4759903	4499985
4759904	3185386
4759905	3314982
4759906	1075870
4759907	280640
4759908	2538909
4759910	244495
4759911	2044488
4759912	4017080
4759913	4495075
4759914	3142597
4759915	4497720
4759919	4496148
4759920	2331699
4759921	4493820
4759923	4500409
4759924	3133134
4759925	4012746
4759927	1025942
4759928	4759933
4759929	3101718
4759930	2360962
4759931	3185263
4759932	3181234
4759933	4759928
4759935	300994
4759936	4523381
4759937	896051
4759938	1514918
4759939	1568731
4759941	1568731
4759942	4451185
4759942	4451186
4759944	4451185
4759944	4451186
4759945	4759946
4759946	4759945
4759947	270108
4759948	2802147
4759950	3581037
