5482901	5483784
5482902	5482923
5482902	5483786
5482903	5482909
5482903	5483787
5482904	613396
5482904	1652896
5482904	3390220
5482904	5482992
5482904	5482996
5482904	5482998
5482905	5483258
5482905	5483613
5482906	5483789
5482907	4478558
5482907	5483129
5482908	5482898
5482908	5483128
5482909	5482903
5482909	5483125
5482910	1251035
5482910	5483121
5482911	3704059
5482911	5483119
5482912	1023788
5482912	1854557
5482912	3547216
5482913	2359164
5482913	3452739
5482913	5483117
5482914	3618992
5482916	1263726
5482916	5483115
5482917	3735816
5482919	5482891
5482919	5483103
5482920	5482892
5482920	5483098
5482921	2244285
5482921	5034036
5482921	5483096
5482923	5482902
5482923	5483094
5482924	910570
5482924	1352198
5482924	5483070
5482925	265081
5482926	5482896
5482926	5483069
5482927	5482896
5482927	5483068
5482928	2054047
5482928	5483067
5482929	1024391
5482929	5483066
5482930	3972690
5482930	5483064
5482931	3972692
5482931	5483063
5482932	2113090
5482932	5483061
5482932	5483137
5482932	5483153
5482932	5483158
5482933	1024429
5482933	5483060
5482934	1024429
5482934	5483057
5482935	314147
5482936	1024115
5482937	4767396
5482937	5483056
5482937	5483114
5482937	5483116
5482937	5483120
5482937	5483124
5482937	5483126
5482938	1024134
5482938	5483055
5482939	312940
5482940	1336376
5482940	5483054
5482940	5483091
5482940	5483095
5482940	5483100
5482940	5483109
5482940	5483110
5482941	1024301
5482941	5483052
5482942	1242539
5482942	5483051
5482943	311076
5482943	5483050
5482944	311545
5482945	3623305
5482946	2875630
5482946	5483049
5482947	2011910
5482947	5483048
5482948	2198590
5482949	2198590
5482950	2643200
5482950	5483047
5482951	3272341
5482952	3419682
5482952	5483046
5482953	3272341
5482954	804204
5482954	5483044
5482955	2539271
5482956	3623305
5482957	3616609
5482958	3431044
5482958	5483038
5482959	1963041
5482960	4371040
5482960	5483037
5482960	5483074
5482961	2100044
5482961	5483032
5482961	5483035
5482961	5483039
5482961	5483040
5482961	5483043
5482962	4017221
5482964	2645686
5482964	5482966
5482965	1880206
5482965	3231630
5482966	5482964
5482967	1028540
5482967	1185430
5482967	3740864
5482967	3740866
5482967	3740867
5482967	4559233
5482967	5483030
5482968	4496221
5482969	4496221
5482970	1527937
5482973	3669526
5482973	5483029
5482974	2953220
5482975	3390601
5482975	3541826
5482975	5483027
5482976	3028298
5482977	3619867
5482978	3619867
5482979	3619867
5482980	2044650
5482981	2754860
5482981	4529742
5482982	2821508
5482982	5482991
5482984	3250248
5482984	5483026
5482985	1628165
5482986	311062
5482987	3401734
5482988	2747854
5482989	2815125
5482990	308852
5482991	2821508
5482991	5482982
5482992	5482904
5482993	2838003
5482995	2839255
5482996	5482904
5482997	3956142
5482997	4007175
5482997	4144163
5482998	5482904
5482999	3035365
5483000	3075128
5483001	5482899
5483002	3076464
5483003	5482899
5483004	3120722
5483005	2659614
5483005	3075643
5483007	3442637
5483008	2941439
5483008	3784332
5483008	3784334
5483008	4476622
5483008	5483019
5483009	680432
5483009	5483024
5483010	308593
5483011	5482899
5483012	5482899
5483013	706478
5483013	4565975
5483014	680853
5483016	680853
5483017	680853
5483019	5483008
5483020	680853
5483021	3531514
5483022	680853
5483023	3676305
5483024	5483009
5483025	3773952
5483026	5482984
5483027	5482975
5483028	3802289
5483029	5482973
5483030	5482967
5483031	4382545
5483032	5482961
5483034	4784659
5483035	5482961
5483036	1996950
5483036	3205818
5483037	5482960
5483038	5482958
5483039	5482961
5483040	5482961
5483042	5012283
5483043	5482961
5483044	5482954
5483045	5285745
5483046	5482952
5483047	5482950
5483048	5482947
5483049	5482946
5483050	5482943
5483051	5482942
5483052	5482941
5483053	660454
5483054	5482940
5483055	5482938
5483056	5482937
5483057	5482934
5483058	783814
5483059	823129
5483060	5482933
5483061	5482932
5483063	5482931
5483064	5482930
5483065	1125280
5483066	5482929
5483067	5482928
5483068	5482927
5483069	5482926
5483070	5482924
5483071	1399375
5483072	1512086
5483073	1552296
5483074	4371040
5483074	5482960
5483075	1901320
5483076	1980825
5483077	4371040
5483078	2145062
5483079	2178877
5483080	4371040
5483081	2203907
5483082	133707
5483082	308810
5483083	4371040
5483084	4371040
5483085	2215571
5483086	2221442
5483087	2295289
5483088	2012429
5483090	2363549
5483091	5482940
5483093	2458863
5483094	5482923
5483095	5482940
5483096	5482921
5483097	2467524
5483098	5482920
5483100	5482940
5483101	2484994
5483102	2527972
5483103	5482919
5483104	2011417
5483106	1954652
5483108	1887545
5483109	5482940
5483110	5482940
5483111	2743937
5483112	2770772
5483113	2771027
5483114	5482937
5483115	5482916
5483116	5482937
5483117	5482913
5483118	2961167
5483119	5482911
5483120	5482937
5483121	5482910
5483122	1860538
5483123	1860538
5483124	5482937
5483125	5482909
5483126	5482937
5483127	3062934
5483128	5482908
5483129	5482907
5483130	5482886
5483131	3118528
5483132	5482885
5483133	3179595
5483134	1655549
5483135	1655549
5483136	5482884
5483137	5482932
5483138	5482882
5483139	3276606
5483140	5482881
5483141	5482880
5483142	5482879
5483143	3341887
5483144	5482878
5483145	3364650
5483146	5482873
5483147	3519419
5483148	5482872
5483150	3893115
5483151	5482866
5483152	5482861
5483153	5482932
5483155	3893115
5483156	5482855
5483157	4018639
5483158	5482932
5483159	4085474
5483160	4085474
5483161	4096905
5483162	5482854
5483163	4124882
5483164	4140690
5483165	5482853
5483166	4437222
5483167	4488056
5483168	4798846
5483169	5482852
5483170	5482851
5483171	5482850
5483172	5482849
5483173	5482848
5483174	5482847
5483175	5482846
5483176	5482843
5483177	5482842
5483178	2033909
5483179	1024965
5483180	5482828
5483181	5482826
5483182	5482824
5483183	5482821
5483184	5482819
5483185	5482817
5483188	5482816
5483189	4665900
5483190	5269642
5483191	29371
5483192	5482812
5483193	5482810
5483195	5269642
5483196	5269675
5483197	73763
5483198	5482809
5483199	73712
5483200	5269698
5483201	73539
5483202	5482808
5483203	5269714
5483204	5482804
5483204	5482805
5483206	5269721
5483207	5482800
5483208	5482797
5483209	5269625
5483210	5482795
5483211	5482791
5483212	5269772
5483214	5269774
5483215	329066
5483216	5269781
5483217	5269809
5483218	328812
5483219	73721
5483220	5269829
5483221	5482780
5483222	5482775
5483223	5269861
5483224	5482770
5483224	5482771
5483226	5482769
5483227	259716
5483228	5482768
5483229	5482765
5483229	5482767
5483230	5482764
5483230	5482766
5483233	5482763
5483234	5482762
5483236	5482761
5483237	5482760
5483238	5482758
5483239	5482754
5483240	5482753
5483242	5482752
5483244	5482750
5483245	5482748
5483245	5482749
5483247	5482746
5483247	5482747
5483249	960511
5483250	5482744
5483250	5482745
5483252	1017987
5483253	5482742
5483255	5482739
5483258	5482905
5483259	5482887
5483260	5482887
5483261	5482893
5483262	5482893
5483263	5482209
5483264	2700760
5483265	5483614
5483266	3399394
5483267	5335380
5483268	2342488
5483269	507184
5483270	507184
5483271	2948154
5483273	2994208
5483274	2994208
5483275	5483278
5483276	5483279
5483277	2769102
5483278	5483275
5483279	5483276
5483280	4097489
5483281	4097489
5483282	3909073
5483283	3909073
5483284	3909073
5483285	3909073
5483286	3909073
5483288	3909073
5483290	5270172
5483292	3465317
5483293	5270189
5483294	3958734
5483295	3919378
5483296	3919378
5483297	5267364
5483298	3919188
5483299	3919188
5483300	3919188
5483301	3919188
5483302	3919188
5483303	5271117
5483304	3919188
5483305	5448695
5483306	5448688
5483307	5448750
5483308	5448766
5483309	5271119
5483310	3905080
5483311	3905080
5483312	3785272
5483313	5448875
5483314	5271148
5483315	3911609
5483316	5322423
5483317	3911609
5483318	5271160
5483319	5271170
5483320	3905710
5483321	5271179
5483322	3905710
5483323	3905710
5483324	3905710
5483325	3906793
5483326	3906793
5483327	5271185
5483328	3909218
5483329	3909218
5483330	5271202
5483331	3917084
5483332	3917084
5483333	3917149
5483334	3917149
5483335	1489976
5483336	5271224
5483337	3918122
5483338	3918122
5483340	67619
5483341	3920771
5483342	3920771
5483344	3906826
5483345	3906826
5483347	3907286
5483348	3907286
5483349	3907286
5483350	3907286
5483351	3907286
5483352	3907286
5483353	847239
5483354	3919250
5483355	5271234
5483356	3919250
5483357	3919250
5483358	3919250
5483359	3919250
5483360	3919250
5483361	5271237
5483362	3919250
5483363	3919250
5483364	237802
5483365	3919250
5483366	5271242
5483367	5271242
5483368	5271242
5483369	3907459
5483370	3907459
5483371	3907459
5483372	3909381
5483373	3909381
5483374	5271218
5483375	3912400
5483376	5271258
5483377	3904458
5483378	3904458
5483379	3912407
5483380	3914213
5483381	3914213
5483382	5271262
5483383	5271266
5483384	5271268
5483385	5271272
5483386	3917928
5483387	3917928
5483388	5271275
5483389	5271277
5483390	3917619
5483392	5271287
5483393	5271293
5483394	3918036
5483395	5271295
5483396	3918036
5483397	3918178
5483398	5271305
5483399	3918178
5483400	3918178
5483401	5271307
5483402	3918178
5483403	3918178
5483404	5271309
5483405	3918178
5483406	3918178
5483407	3918178
5483408	5271314
5483409	3918178
5483410	5271319
5483411	3920702
5483412	3920702
5483413	3920702
5483414	3920702
5483415	5271324
5483416	5271326
5483417	5448870
5483418	5448870
5483419	5271332
5483420	569082
5483421	1825373
5483422	647021
5483423	850769
5483424	909550
5483425	1069116
5483426	3299529
5483427	4665762
5483429	370944
5483430	1169514
5483431	5219323
5483432	2993811
5483433	3419701
5483434	3053291
5483435	3369070
5483436	3386212
5483437	3716500
5483438	365983
5483439	410311
5483440	587750
5483441	68454
5483442	324809
5483443	1025027
5483444	1685916
5483445	1876210
5483446	2249590
5483447	2662976
5483448	5191961
5483449	21491
5483450	33057
5483451	247484
5483452	259202
5483453	2031343
5483454	2094585
5483456	2833468
5483457	4333100
5483458	51936
5483459	1690480
5483460	2751657
5483461	2956972
5483462	3817987
5483463	4498568
5483464	380143
5483465	1652030
5483466	2315259
5483467	2544633
5483468	2908273
5483469	241650
5483470	687462
5483471	3915625
5483472	241479
5483473	64497
5483474	64497
5483475	272101
5483476	304689
5483477	778797
5483478	1009993
5483479	2032953
5483480	2264416
5483481	2280356
5483482	2490369
5483483	2892406
5483484	3727408
5483485	4600307
5483486	5391010
5483487	277943
5483488	436447
5483489	62118
5483490	285018
5483492	1808185
5483493	1830576
5483494	2011545
5483495	2233762
5483496	2248961
5483497	2790854
5483498	2790854
5483499	3131683
5483500	3551507
5483501	3631323
5483502	3902978
5483503	29903
5483504	37339
5483505	251830
5483506	1112680
5483507	1488147
5483508	1860635
5483509	2242091
5483510	2300205
5483511	2684795
5483512	2735314
5483513	3203820
5483514	53234
5483515	53909
5483516	300928
5483517	2226360
5483518	2267393
5483519	2648592
5483520	3905067
5483521	3920411
5483522	4850101
5483523	5272641
5483525	561570
5483526	681950
5483527	1841791
5483528	1848725
5483529	2940767
5483530	3392657
5483531	3424289
5483532	1513951
5483533	5205841
5483534	5254557
5483535	5303494
5483536	2069217
5483537	5320116
5483538	5320116
5483539	5275006
5483540	5270197
5483541	5270199
5483542	5270201
5483543	5270203
5483544	5270205
5483545	5270208
5483546	5270210
5483547	4872600
5483548	3816990
5483549	3816990
5483550	5270211
5483551	2785342
5483552	5270215
5483553	2785341
5483554	5270217
5483555	5270219
5483557	5269816
5483560	2679584
5483561	2679584
5483562	2679584
5483563	5268060
5483564	5271336
5483565	248532
5483566	5483774
5483567	5483776
5483568	5483777
5483569	5483778
5483570	5483611
5483571	5177606
5483572	5483758
5483573	5483612
5483574	5483759
5483575	1312878
5483576	5483762
5483577	5483763
5483578	5483764
5483579	5483765
5483580	5483766
5483581	5483767
5483582	5483615
5483582	5483768
5483583	5483769
5483584	5483771
5483585	5474473
5483586	5271356
5483587	5271371
5483588	5271606
5483589	5271653
5483590	5271655
5483591	23862
5483592	5271658
5483593	5271669
5483594	5271697
5483595	5271720
5483596	5271741
5483597	2769093
5483598	5271756
5483599	5271769
5483600	5271773
5483601	5271791
5483602	5271796
5483603	5271808
5483604	5271814
5483605	1863715
5483606	1863715
5483607	1863715
5483608	2869894
5483609	2869894
5483611	5483570
5483612	5483573
5483613	5482905
5483614	5483265
5483615	5483582
5483616	5483617
5483616	5483618
5483616	5483619
5483617	5483616
5483618	5483616
5483619	5483616
5483620	5483621
5483620	5483622
5483621	5483620
5483622	5483620
5483623	5483624
5483623	5483625
5483624	5483623
5483625	5483623
5483626	3094958
5483627	28928
5483628	735328
5483628	735331
5483634	2644178
5483635	2957423
5483636	2544148
5483637	2835512
5483638	3150455
5483639	3150455
5483640	4498604
5483641	3314746
5483642	3442133
5483643	2360988
5483644	1867922
5483645	3823581
5483646	35877
5483646	2654192
5483647	2011409
5483648	903820
5483649	5006431
5483651	2730089
5483652	5483730
5483653	4079478
5483654	5483732
5483655	5483733
5483656	5483736
5483657	5483738
5483658	5483739
5483659	5483740
5483660	5483742
5483661	5483743
5483661	5483747
5483662	5483744
5483663	5483745
5483664	5483748
5483664	5483751
5483664	5483753
5483664	5483793
5483664	5483800
5483665	5483749
5483666	5483750
5483667	5483752
5483668	5483754
5483669	5483755
5483670	5483756
5483671	355890
5483672	2006424
5483673	1159446
5483685	5483686
5483686	5483685
5483687	926115
5483687	1178019
5483687	1178021
5483688	5483689
5483689	5483688
5483694	1044
5483695	337371
5483696	351593
5483697	359596
5483698	359596
5483699	359600
5483700	359613
5483701	359613
5483702	359613
5483703	360538
5483704	370331
5483705	400223
5483706	508933
5483707	5385887
5483708	543716
5483709	555930
5483710	5385881
5483711	434258
5483714	434258
5483715	5308161
5483715	5472927
5483716	5385878
5483717	5385877
5483719	5385875
5483720	5385874
5483721	1655579
5483722	5385871
5483723	1655579
5483724	5385869
5483725	1655579
5483728	4367294
5483729	1755331
5483730	5483652
5483732	5483654
5483733	5483655
5483734	657426
5483735	689732
5483736	5483656
5483737	1755331
5483738	5483657
5483739	5483658
5483740	5483659
5483741	1755331
5483742	5483660
5483743	5483661
5483744	5483662
5483745	5483663
5483746	1755331
5483747	5483661
5483748	5483664
5483749	5483665
5483750	5483666
5483751	5483664
5483752	5483667
5483753	5483664
5483754	5483668
5483755	5483669
5483756	5483670
5483758	5483572
5483759	5483574
5483762	5483576
5483763	5483577
5483764	5483578
5483765	5483579
5483766	5483580
5483767	5483581
5483768	5483582
5483769	5483583
5483770	3477897
5483771	5483584
5483773	672971
5483774	5483566
5483775	1298791
5483776	5483567
5483777	5483568
5483778	5483569
5483779	5482898
5483780	5482899
5483781	1579390
5483782	5482900
5483783	3928075
5483784	5482901
5483785	4300047
5483786	5482902
5483787	5482903
5483789	5482906
5483790	525367
5483792	5482888
5483793	5483664
5483794	5482889
5483795	5482890
5483796	5482891
5483797	5482892
5483798	5482893
5483799	5482894
5483800	5483664
5483801	5482895
5483802	5482896
5483803	5482897
5483803	5483804
5483804	5483803
5483806	5385277
5483807	5308161
5483808	5385263
5483809	5385250
5483811	5385249
5483812	259409
5483813	4015648
5483814	5385206
5483815	5385161
5483816	2639710
5483817	3023974
5483818	5384455
5483819	5384455
5483820	2026921
5483821	5384455
5483822	5154795
5483824	43235
5483825	5384453
5483827	5384452
5483828	4497928
5483829	5212504
5483831	5384449
5483832	2026483
5483833	2538515
5483834	5384429
5483835	2954613
5483836	5384428
5483837	5384419
5483838	5384417
5483839	5384342
5483840	5384310
5483841	5384302
5483842	5384300
5483843	5384279
5483844	5384278
5483845	982052
5483846	982052
5483847	2202592
5483848	3148427
5483849	345380
5483850	361365
5483851	361365
5483852	591726
5483853	5384231
5483854	5384225
5483855	1735677
5483856	1638017
5483857	1638017
5483858	1735677
5483859	1902208
5483860	2208327
5483861	4770258
5483862	5384187
5483863	5384172
5483864	5384171
5483865	71267
5483865	2007955
5483866	5379227
5483867	5378805
5483868	503380
5483869	503380
5483870	5374250
5483871	5374245
5483872	5374239
5483873	5374238
5483874	5374231
5483875	3071442
