5006349	379241
5006350	3264751
5006351	379241
5006351	5006989
5006352	4758553
5006353	2202975
5006353	5006318
5006353	5006320
5006353	5006982
5006354	4758550
5006355	4758547
5006356	4758538
5006357	4758537
5006358	4758533
5006359	4758522
5006360	4758522
5006361	330457
5006362	4758522
5006363	4758522
5006364	4758522
5006365	4758522
5006366	4758519
5006367	10398
5006368	4758503
5006369	4758409
5006370	1968965
5006371	1968965
5006372	4758406
5006373	4758398
5006374	4758393
5006375	4758392
5006376	4758391
5006377	4758384
5006377	4758385
5006378	4758384
5006378	4758385
5006379	2936322
5006380	2936322
5006381	2936320
5006382	2936320
5006383	4758367
5006384	4758366
5006385	4758366
5006386	4758363
5006387	4758361
5006388	4991225
5006389	4758341
5006390	4758339
5006391	4758338
5006392	1125479
5006393	4758334
5006394	4758333
5006395	1132830
5006396	4758329
5006397	4758309
5006398	3034181
5006398	4758308
5006399	3004736
5006399	4758306
5006399	4758307
5006400	2969065
5006400	4758303
5006401	4758295
5006401	5006944
5006402	574160
5006403	4758292
5006404	4758293
5006405	4758287
5006406	4758287
5006406	5006942
5006407	39148
5006407	428865
5006407	428941
5006407	574278
5006407	1286131
5006407	1286132
5006410	39148
5006410	723868
5006410	1088397
5006410	1090530
5006410	1341255
5006411	2490798
5006411	4758252
5006413	2389975
5006413	5006940
5006414	47334
5006414	119859
5006415	47334
5006416	47334
5006417	5007932
5006419	5007935
5006420	5006626
5006421	5006625
5006422	4984258
5006422	5006624
5006422	5007939
5006423	5006623
5006423	5007940
5006428	3808110
5006428	3808111
5006429	5007914
5006429	5007915
5006430	5007912
5006430	5007913
5006431	4052298
5006431	5006622
5006432	5007926
5006433	5007927
5006435	1487156
5006435	5006621
5006435	5007929
5006435	5008026
5006436	5006620
5006436	5007928
5006437	3600424
5006439	5006619
5006440	52028
5006440	672134
5006441	5006465
5006442	1117968
5006443	1117966
5006443	1117969
5006443	1117972
5006443	1117973
5006444	2544315
5006445	2544315
5006446	5006466
5006447	1024055
5006448	2245731
5006449	2544315
5006450	1339276
5006450	1435305
5006450	5008314
5006451	2544315
5006452	2544315
5006453	2544315
5006454	5006467
5006455	4972787
5006456	1440312
5006456	1640624
5006457	3573739
5006459	2064700
5006460	3327642
5006461	3434123
5006462	3434123
5006464	3183348
5006465	5006441
5006466	5006446
5006467	5006454
5006468	2249140
5006470	3374184
5006471	542890
5006471	549046
5006471	706001
5006471	922329
5006471	1736794
5006472	2094847
5006473	2094847
5006474	3824478
5006474	5006524
5006475	2380197
5006475	5006509
5006476	1600953
5006476	1600957
5006477	54794
5006478	1351366
5006479	2272421
5006480	2279376
5006481	2546947
5006482	2279376
5006483	710695
5006484	1351366
5006485	5006487
5006485	5006488
5006486	3531387
5006487	5006485
5006487	5006488
5006488	5006485
5006488	5006487
5006489	5006490
5006489	5006491
5006490	5006489
5006490	5006491
5006491	5006489
5006491	5006490
5006492	1763645
5006496	68529
5006496	452286
5006496	1180054
5006497	783897
5006497	1084509
5006498	4612640
5006499	325638
5006500	5004107
5006501	5004107
5006502	5004098
5006503	5004098
5006504	5004098
5006505	5004098
5006506	2920055
5006507	5006520
5006508	4008895
5006509	5006475
5006512	2292579
5006512	4758554
5006512	4887084
5006517	4612662
5006520	5006507
5006521	4612648
5006521	4612650
5006522	4612648
5006522	4612650
5006524	3824478
5006524	3869633
5006524	5006474
5006526	4612645
5006527	4612645
5006528	4612642
5006529	4612642
5006530	4612633
5006530	4612638
5006530	4612645
5006531	130527
5006532	4612638
5006532	4612645
5006535	4612635
5006537	4612633
5006538	4612630
5006539	4612630
5006540	4612623
5006540	4612626
5006542	4612623
5006542	4612626
5006544	4612620
5006545	4612620
5006546	4612606
5006546	4612608
5006546	4612612
5006546	4612620
5006550	4612606
5006550	4612608
5006550	4612612
5006550	4612620
5006554	3338288
5006555	4612610
5006556	4612614
5006556	5006563
5006557	4612614
5006558	4612610
5006559	4612618
5006560	4612618
5006561	4612587
5006562	4612587
5006563	5006556
5006564	4612587
5006565	4612587
5006566	4927678
5006567	4612584
5006568	4612584
5006569	4612579
5006571	2170677
5006572	2170677
5006573	485099
5006574	2690789
5006575	4612564
5006575	4612572
5006576	4612572
5006577	4612567
5006579	4612564
5006580	4612561
5006581	4612561
5006581	5006897
5006582	2245268
5006583	2203311
5006584	2203311
5006585	2203311
5006586	2203311
5006587	2203311
5006588	2203311
5006589	2203311
5006590	2203311
5006591	2203311
5006592	2203311
5006593	2254708
5006594	2203311
5006595	2203311
5006596	2203311
5006597	2203311
5006598	2203311
5006599	2203311
5006600	2247743
5006601	2203311
5006602	2203311
5006603	2314839
5006604	2556255
5006605	2571763
5006608	2237437
5006609	2237437
5006611	3001266
5006612	344138
5006612	373216
5006614	4991324
5006615	4991283
5006616	99
5006616	2503
5006616	24801
5006616	507369
5006616	606655
5006616	2280362
5006618	1808892
5006619	5006439
5006620	5006436
5006621	5006435
5006622	5006431
5006623	5006423
5006624	5006422
5006625	5006421
5006626	5006420
5006627	4771239
5006628	4771145
5006628	4771147
5006630	4772611
5006631	4772611
5006632	4771146
5006633	4771136
5006634	4771136
5006635	4771125
5006636	4771125
5006637	4771124
5006638	4771124
5006639	4771445
5006640	4771427
5006641	4771427
5006642	2201583
5006643	4771248
5006644	2321349
5006645	4771507
5006646	4771457
5006647	4771457
5006648	4771732
5006649	3055353
5006650	4771730
5006651	4771722
5006652	4771703
5006653	2261610
5006654	138868
5006655	138868
5006656	138868
5006657	4771688
5006658	4771681
5006659	4771556
5006660	4771556
5006661	4771556
5006662	2111913
5006663	2111913
5006664	2111913
5006665	4772310
5006666	4772256
5006667	4772247
5006668	4772247
5006669	4772245
5006670	4772245
5006671	4772245
5006672	4772243
5006673	4772243
5006674	4772243
5006675	4772242
5006676	4772242
5006677	4772242
5006678	4774178
5006679	4774178
5006680	4774178
5006681	4773222
5006682	4773222
5006683	2054381
5006684	3165577
5006685	1959891
5006686	1960479
5006687	822654
5006689	20394
5006692	2111142
5006693	2119086
5006694	2151224
5006695	2151266
5006695	5007383
5006697	2170482
5006697	5009239
5006698	2171225
5006699	2171271
5006700	2181451
5006701	2212854
5006702	2238992
5006703	2238995
5006704	2239018
5006704	5009240
5006705	3122061
5006709	3809834
5006711	4094177
5006713	4171759
5006715	4347050
5006715	5009241
5006717	4408207
5006718	5007919
5006718	5007920
5006718	5009560
5006719	1435116
5006720	5009562
5006721	1435118
5006723	1435271
5006723	5009243
5006724	5007823
5006724	5007824
5006724	5009221
5006724	5009559
5006725	1962827
5006725	5009245
5006726	1962872
5006727	2096827
5006727	5009561
5006728	2096829
5006729	2096830
5006730	5007807
5006730	5007808
5006730	5007809
5006730	5007811
5006730	5009222
5006730	5009558
5006732	2166323
5006732	5009248
5006733	2181528
5006734	2181563
5006735	2181761
5006736	2181762
5006737	2250323
5006738	2889091
5006738	5007144
5006738	5009223
5006739	2889181
5006741	3036084
5006741	5007142
5006742	3095724
5006743	3095724
5006744	2096827
5006744	5007139
5006744	5009233
5006744	5009561
5006745	3124099
5006745	5009224
5006746	3125052
5006746	3893516
5006746	5007814
5006746	5007815
5006746	5009982
5006747	2003521
5006747	3830494
5006747	5007134
5006748	2003521
5006748	3830494
5006748	5007134
5006749	3830560
5006749	5007133
5006749	5009978
5006750	3830567
5006750	5007131
5006750	5009975
5006751	4276295
5006751	4302957
5006751	5007128
5006751	5009972
5006752	4334727
5006752	5007125
5006752	5009970
5006754	882152
5006754	2754100
5006754	5007123
5006754	5009969
5006755	2827292
5006755	5007119
5006755	5009967
5006757	2527281
5006757	3830571
5006757	5009235
5006758	3830573
5006758	5007117
5006758	5009236
5006758	5009966
5006759	2212677
5006759	5007115
5006759	5009964
5006760	2212791
5006760	5007112
5006760	5007113
5006760	5009963
5006760	5009971
5006761	2212808
5006761	2616405
5006761	3675928
5006761	5009960
5006762	1979103
5006762	5007109
5006762	5009959
5006763	29049
5006764	29049
5006765	2180476
5006765	5007108
5006765	5009956
5006766	2066708
5006766	5007107
5006766	5009954
5006767	321815
5006768	321815
5006769	257596
5006770	257596
5006771	288469
5006772	667075
5006772	5006829
5006772	5007071
5006772	5009928
5006772	5010079
5006772	5010081
5006773	2054381
5006774	261868
5006775	673818
5006776	673818
5006777	1741616
5006778	1741616
5006779	1296
5006780	2718482
5006781	1296
5006782	3529911
5006783	3529911
5006784	5003055
5006784	5007104
5006784	5009231
5006784	5009949
5006785	2304718
5006786	2304718
5006787	2131763
5006787	2131764
5006787	2131765
5006787	2131767
5006787	2162510
5006787	2162511
5006787	2162513
5006787	2162514
5006787	5006827
5006787	5007102
5006787	5009926
5006788	2950761
5006790	2950761
5006791	405500
5006792	405500
5006793	4664033
5006793	5006846
5006794	4457766
5006795	4457766
5006796	2646419
5006797	16256
5006798	24686
5006799	816868
5006799	4848413
5006800	816868
5006800	4848413
5006803	815917
5006804	301914
5006805	301914
5006806	3226062
5006807	1098338
5006808	1098338
5006809	3378112
5006810	3378112
5006811	249119
5006812	249119
5006813	2152257
5006814	2152257
5006815	2248149
5006816	969137
5006817	1891051
5006818	2931496
5006820	312845
5006821	312845
5006822	4497891
5006823	312847
5006824	312847
5006825	308206
5006826	1685493
5006826	5007100
5006826	5009944
5006827	5006787
5006827	5006844
5006828	4532004
5006828	4532421
5006828	5009230
5006828	5009942
5006829	5006772
5006829	5006843
5006830	2892720
5006830	5006842
5006831	612588
5006831	5007097
5006831	5009229
5006831	5009939
5006832	191671
5006832	369277
5006832	665999
5006832	5007093
5006832	5009228
5006832	5009937
5006834	2472442
5006834	5006840
5006835	25611
5006836	2276580
5006837	1308
5006838	5009935
5006839	5007089
5006839	5009934
5006840	5006834
5006840	5007083
5006840	5009932
5006841	5007081
5006841	5009931
5006842	5006830
5006842	5009929
5006843	5006829
5006843	5006869
5006843	5007071
5006843	5009928
5006843	5010079
5006843	5010081
5006843	5010086
5006843	5010087
5006844	5006827
5006844	5007070
5006844	5009926
5006846	4664033
5006846	5006793
5006846	5007068
5006846	5009924
5006847	5006936
5006847	5007067
5006847	5009922
5006848	5004841
5006849	5004827
5006850	2609244
5006851	2148753
5006851	5006935
5006851	5007066
5006851	5009919
5006852	5004754
5006853	5004443
5006854	5004174
5006855	5004172
5006856	2376047
5006856	3263704
5006856	5001794
5006856	5006934
5006857	103031
5006858	3784778
5006858	4975936
5006858	5002240
5006858	5006933
5006859	4975917
5006859	5007056
5006859	5009912
5006860	4975907
5006860	5006864
5006860	5006931
5006860	5007055
5006860	5009911
5006861	96069
5006862	103038
5006863	4117284
5006864	5006860
5006865	185189
5006867	145146
5006868	107187
5006869	5006843
5006870	188073
5006871	3265947
5006871	5006880
5006872	2556302
5006872	2575660
5006873	125363
5006874	4593710
5006875	5005859
5006876	5005857
5006877	5004886
5006878	5004873
5006880	5006871
5006880	5006930
5006880	5007053
5006880	5009910
5006882	5004843
5006884	4593695
5006885	5004086
5006886	4573111
5006888	4565974
5006889	5004084
5006891	2179199
5006892	5004081
5006893	5003799
5006894	4493470
5006896	5003767
5006897	5006581
5006897	5006927
5006897	5007052
5006897	5009905
5006898	4491762
5006899	4491504
5006900	5006918
5006900	5006950
5006900	5007143
5006900	5007700
5006901	4489077
5006902	4488205
5006904	4488194
5006905	1650277
5006906	4488171
5006907	4488167
5006908	1098702
5006909	4488167
5006910	4488158
5006911	4488138
5006912	1650612
5006913	4016784
5006914	4016784
5006915	4016784
5006916	4488121
5006917	4488117
5006918	5006900
5006918	5007051
5006918	5009903
5006921	422789
5006921	442517
5006924	5009232
5006925	33795
5006925	422775
5006925	3661771
5006925	5009213
5006926	5007050
5006926	5009899
5006927	5006897
5006928	5006932
5006929	5009898
5006930	5006880
5006931	5006860
5006932	5006928
5006933	5006858
5006934	2412462
5006934	2813986
5006934	5006856
5006935	5006851
5006936	5006847
5006936	5007014
5006936	5008745
5006940	5006413
5006940	5007047
5006940	5009895
5006942	5006406
5006942	5007046
5006942	5009893
5006943	5009207
5006944	5006401
5006944	5007044
5006944	5009892
5006949	887244
5006950	5006900
5006950	5007028
5006951	5007043
5006951	5009891
5006952	3368935
5006953	4981697
5006954	4483905
5006956	506450
5006957	5009779
5006958	4478363
5006959	2042839
5006959	5007012
5006959	5007013
5006959	5008742
5006960	5009187
5006962	618101
5006962	819542
5006963	5009176
5006964	422764
5006964	5006971
5006964	5009170
5006965	2510801
5006967	5007041
5006967	5009889
5006968	24698
5006969	3907991
5006969	5007011
5006969	5008673
5006970	5007040
5006970	5009887
5006971	5006964
5006972	5009155
5006972	5009778
5006974	758084
5006975	381309
5006975	5009153
5006977	422837
5006977	5006979
5006977	5008427
5006977	5008494
5006979	5006977
5006980	373330
5006981	499617
5006982	5006353
5006985	373320
5006986	373320
5006987	2638792
5006987	5006330
5006987	5008425
5006987	5009139
5006988	70623
5006989	5006351
5006989	5008424
5006989	5009135
5006990	5006062
5006990	5007429
5006991	1434
5006992	5006014
5006992	5007424
5006993	1434
5006994	1296184
5006994	5006007
5006994	5007287
5006994	5009124
5006994	5009127
5006995	5006002
5006995	5007281
5006996	1876041
5006997	1876041
5006998	5005997
5006998	5007273
5006998	5009285
5006999	319990
5007000	349064
5007001	433468
5007002	376611
5007003	16492
5007004	16492
5007006	2046775
5007007	1637367
5007008	2111279
5007009	397584
5007010	3030970
5007011	5006969
5007012	5006959
5007013	5006959
5007014	5006936
5007016	4665342
5007016	4979652
5007016	5005568
5007017	5007018
5007018	5007017
5007018	5007026
5007019	378270
5007020	1222764
5007020	1223127
5007021	2446175
5007021	3816242
5007021	4350962
5007021	5007030
5007022	69058
5007023	1337945
5007024	416367
5007025	2061690
5007026	5007018
5007027	3661778
5007028	5006950
5007029	888891
5007030	5007021
5007031	2412739
5007032	759731
5007033	584605
5007034	370708
5007035	3634520
5007036	3078065
5007037	356200
5007038	966595
5007039	370703
5007040	5006970
5007041	5006967
5007042	1144731
5007043	5006951
5007044	5006944
5007045	3625514
5007046	5006942
5007047	5006940
5007048	138919
5007049	138919
5007050	5006926
5007051	5006918
5007052	5006897
5007053	5006880
5007054	4009502
5007055	5006860
5007056	5006859
5007057	1123071
5007059	130170
5007061	130170
5007063	2567195
5007064	1622
5007065	1622
5007066	5006851
5007067	5006847
5007068	5006846
5007069	4683644
5007070	5006844
5007071	5006772
5007071	5006843
5007072	4076137
5007073	3774075
5007074	1358906
5007075	4693183
5007076	845852
5007077	4567289
5007079	4567289
5007080	4567289
5007081	5006841
5007082	4244380
5007083	5006840
5007085	5007087
5007086	999925
5007087	5007085
5007088	1104106
5007089	5006839
5007090	1401292
5007091	1401292
5007092	2334084
5007093	5006832
5007094	3820618
5007095	963842
5007096	2334084
5007097	5006831
5007098	3820619
5007100	5006826
5007101	4915592
5007102	5006787
5007103	1158495
5007104	5006784
5007106	3671100
5007107	5006766
5007108	5006765
5007109	5006762
5007112	5006760
5007113	5006760
5007113	5009971
5007114	2164036
5007115	5006759
5007116	4383585
5007117	5006758
5007118	826925
5007119	5006755
5007120	2906283
5007122	4383585
5007123	5006754
5007124	4383585
5007125	5006752
5007126	4115212
5007128	5006751
5007129	979716
5007130	4383587
5007131	5006750
5007132	4383587
5007133	5006749
5007134	5006747
5007134	5006748
5007137	5003739
5007138	575664
5007139	5006744
5007139	5009561
5007140	5003738
5007141	1537933
5007142	5006741
5007143	5006900
5007144	5006738
5007145	5003710
5007146	1297840
5007147	5003049
5007148	4217622
5007149	4217622
5007150	4601464
5007151	4614377
5007152	1687007
5007153	3213852
5007154	1737677
5007155	993314
5007157	2098584
5007158	86357
5007158	5007217
5007159	3593122
5007159	5007215
5007164	1560711
5007166	1560711
5007169	4306261
5007170	1116333
5007170	1487327
5007170	4966496
5007171	1116333
5007172	1116333
5007172	4966496
5007173	5007175
5007174	4294012
5007175	5007173
5007176	3123789
5007177	290456
5007177	1099925
5007178	4966496
5007179	3999721
5007180	5009885
5007181	5007182
5007182	5007181
5007183	5007184
5007184	5007183
5007185	5007186
5007186	5007185
5007188	5007189
5007189	5007188
5007190	5007191
5007191	5007190
5007192	5007193
5007193	5007192
5007195	5007197
5007196	3161691
5007197	5007195
5007198	3161691
5007199	4502084
5007200	4502084
5007201	5007203
5007202	1125238
5007203	5007201
5007204	5007208
5007205	264526
5007205	841965
5007205	1313410
5007205	5001619
5007205	5007210
5007206	790043
5007206	5008317
5007207	3185189
5007208	5007204
5007209	5007211
5007210	264526
5007210	841965
5007210	5007205
5007211	5007209
5007212	5007213
5007213	5007212
5007214	5007216
5007215	5007159
5007216	5007214
5007217	5007158
5007218	5007219
5007219	5007218
5007220	5007221
5007221	5007220
5007222	1795949
5007223	5007226
5007224	2490904
5007225	2490904
5007226	5007223
5007228	241125
5007229	5007232
5007231	280194
5007232	5007229
5007233	5007235
5007234	496220
5007234	2506157
5007234	2506354
5007235	5007233
5007236	5007238
5007237	2003432
5007238	5007236
5007239	5007241
5007240	4653215
5007241	5007239
5007242	432210
5007243	1233389
5007245	3633008
5007246	44238
5007247	148123
5007248	113830
5007249	2183407
5007250	1490491
5007251	1490491
5007252	4015744
5007253	4015744
5007254	4015744
5007255	4091323
5007256	4091323
5007257	4666832
5007258	4666832
5007259	462978
5007260	3171141
5007261	3171141
5007262	3171141
5007263	3171141
5007264	2544841
5007265	2544841
5007266	2544841
5007267	2544841
5007268	3575430
5007269	257773
5007270	257773
5007271	2955451
5007272	2955451
5007273	5006998
5007273	5009285
5007274	2249574
5007275	2249574
5007276	2249574
5007277	2249574
5007278	2249574
5007279	2249574
5007280	2249574
5007281	5006995
5007281	5009284
5007282	2249574
5007283	2249574
5007284	2249574
5007285	2249574
5007286	2249574
5007287	1296184
5007287	5006994
5007288	2544347
5007289	2544347
5007290	3315200
5007291	3024105
5007292	2275785
5007293	2275785
5007294	2275785
5007295	2275785
5007296	2275785
5007297	2275785
5007298	2250011
5007300	2250011
5007301	2250011
5007302	1830618
5007303	1830618
5007304	1830618
5007305	1830618
5007306	1830618
5007307	1830618
5007310	3822644
5007311	4665293
5007313	2635765
5007314	1890766
5007315	2358708
5007315	2439881
5007315	2439882
5007316	3034483
5007317	3034484
5007318	521655
5007319	521655
5007320	214664
5007321	3312585
5007322	31478
5007323	31478
5007324	31478
5007325	31478
5007326	3826508
5007327	4013930
5007328	3476901
5007328	3565314
5007328	3565315
5007329	284943
5007330	284943
5007331	2203691
5007332	2203691
5007333	2203691
5007334	2203691
5007335	3490785
5007336	31243
5007337	91309
5007338	4202325
5007339	3436802
5007340	3636260
5007341	2009648
5007341	3313112
5007341	5007371
5007342	2543216
5007343	2543216
5007344	4236884
5007345	1895571
5007346	1895571
5007347	3129490
5007348	2071025
5007348	3171113
5007348	3608202
5007349	726836
5007349	765157
5007349	765158
5007349	1556760
5007350	2071022
5007351	3142818
5007352	1260382
5007354	278535
5007355	278535
5007356	2071031
5007357	4665021
5007358	4665021
5007359	22470
5007360	2071035
5007360	2071038
5007361	1260374
5007361	5007363
5007362	2009648
5007362	3313112
5007362	5007371
5007363	1260374
5007363	5007361
5007364	2071029
5007365	2071027
5007366	2243268
5007367	2243268
5007368	2071027
5007370	2071093
5007370	2107622
5007371	2009648
5007371	3313112
5007371	5007341
5007371	5007362
5007372	3089555
5007373	3089555
5007374	3089555
5007375	3089555
5007376	2071014
5007377	2071014
5007378	4959396
5007378	5007389
5007379	2071011
5007380	99657
5007381	4959396
5007381	5007386
5007382	3171113
5007382	3607977
5007382	3608202
5007383	5006695
5007384	539024
5007384	5008147
5007385	889773
5007386	4959396
5007386	5007381
5007387	889773
5007388	3734795
5007388	3764684
5007389	4959396
5007389	5007378
5007390	2886484
5007390	5007812
5007390	5008740
5007391	3288001
5007391	4786620
5007392	4526785
5007392	5007810
5007393	5007399
5007393	5007411
5007393	5007437
5007393	5007524
5007394	2034097
5007395	2034097
5007396	2376713
5007397	148164
5007398	2376713
5007399	5007393
5007400	1961854
5007401	2957625
5007402	1961854
5007403	1961854
5007404	1961854
5007405	2331594
5007406	2331594
5007407	2331594
5007408	2331594
5007409	60514
5007409	5007806
5007411	5007393
5007412	1037850
5007413	3171074
5007414	311992
5007414	1301334
5007414	1301335
5007414	4760196
5007415	3408996
5007416	3818464
5007417	3818464
5007418	1093635
5007419	1093635
5007420	118964
5007421	3431002
5007422	4496115
5007423	150936
5007424	5006992
5007424	5008721
5007424	5009281
5007425	251341
5007426	251341
5007427	150936
5007428	251341
5007429	5006990
5007429	5009280
5007430	251341
5007431	2369132
5007432	800882
5007433	268483
5007434	268483
5007435	1134901
5007436	268483
5007437	5007393
5007438	268483
5007439	1369611
5007440	2273582
5007441	1576950
5007442	4727892
5007442	5008713
5007442	5008716
5007442	5009278
5007443	4805390
5007444	665979
5007445	5009277
5007446	5008702
5007446	5008703
5007446	5008707
5007446	5009276
5007447	3008199
5007447	4377418
5007447	5007737
5007447	5007738
5007447	5008710
5007448	5007575
5007448	5009274
5007450	5007576
5007450	5007577
5007450	5007578
5007450	5007579
5007450	5007580
5007450	5007581
5007450	5007583
5007450	5007584
5007450	5008697
5007450	5008699
5007450	5009273
5007451	5007667
5007451	5008695
5007451	5008696
5007451	5009272
5007452	5007668
5007452	5008684
5007452	5008685
5007452	5008687
5007452	5008688
5007452	5009270
5007453	5007563
5007453	5008679
5007453	5008681
5007453	5009267
5007454	4527779
5007454	5008678
5007455	5007525
5007455	5008676
5007455	5009264
5007456	5007803
5007456	5008675
5007456	5009263
5007457	5007522
5007457	5008670
5007457	5009260
5007458	5008661
5007458	5008666
5007458	5009258
5007459	5007526
5007459	5008658
5007459	5009256
5007460	5007527
5007460	5008654
5007460	5008656
5007460	5009254
5007461	5007528
5007461	5008648
5007461	5008650
5007461	5009252
5007462	5007529
5007462	5008643
5007462	5008645
5007462	5009251
5007463	5007530
5007463	5008640
5007463	5008642
5007463	5009250
5007464	4693065
5007464	5007531
5007464	5008637
5007464	5008638
5007465	5008610
5007465	5009242
5007466	5007532
5007466	5008605
5007466	5008607
5007466	5009238
5007467	5007533
5007467	5008603
5007467	5009234
5007468	5008598
5007468	5008601
5007468	5009227
5007469	5007568
5007469	5007571
5007469	5007572
5007469	5008594
5007469	5008595
5007469	5008599
5007469	5009226
5007470	835240
5007471	180988
5007472	1957816
5007473	3395974
5007474	3395974
5007475	2214826
5007476	2368609
5007477	1735641
5007478	1107070
5007479	1716607
5007480	1866224
5007481	3226664
5007482	289156
5007483	289156
5007484	1092448
5007485	3824524
5007486	3824524
5007487	3250965
5007488	314361
5007489	314361
5007490	1886889
5007492	4499708
5007493	4499708
5007494	5005916
5007495	2218387
5007496	2218387
5007497	2218387
5007498	2218387
5007499	2218387
5007500	2218387
5007501	2218387
5007502	2218387
5007503	2218387
5007504	2218387
5007505	2218387
5007506	2218387
5007507	2218387
5007508	2218387
5007509	2218387
5007510	2218387
5007511	2218387
5007512	2218387
5007513	2218387
5007514	2218387
5007515	5005902
5007516	2218387
5007517	2218387
5007518	2218387
5007519	2218387
5007520	3171460
5007521	3171460
5007522	5007457
5007524	5007393
5007524	5008592
5007524	5008593
5007525	5007455
5007526	5007459
5007527	5007460
5007528	5007461
5007529	5007462
5007530	5007463
5007531	5007464
5007532	5007466
5007533	5007467
5007534	4782336
5007537	436673
5007538	436673
5007539	5005899
5007540	1275373
5007541	1195261
5007542	4782321
5007544	1195261
5007546	4782319
5007547	4782317
5007548	317314
5007549	4782317
5007552	5005888
5007553	4782276
5007554	5005885
5007555	495443
5007556	5005883
5007557	311083
5007558	495443
5007561	4782266
5007562	5005879
5007563	5007453
5007564	4782257
5007566	4782252
5007567	2071090
5007568	5007469
5007569	464656
5007570	2071085
5007571	5007469
5007572	5007469
5007574	5005878
5007575	5007448
5007576	5007450
5007577	5007450
5007578	5007450
5007579	5007450
5007580	5007450
5007581	5007450
5007582	5004169
5007583	5007450
5007584	5007450
5007585	4782160
5007586	315230
5007588	2892147
5007589	2892147
5007590	2892147
5007591	2892147
5007592	4782147
5007593	2892147
5007594	2892147
5007595	2892147
5007596	2892147
5007597	2086416
5007598	2892147
5007599	4782139
5007600	2892147
5007601	2252590
5007602	2892147
5007603	2892147
5007604	2252590
5007605	2071025
5007606	4780790
5007607	3738807
5007608	315205
5007609	3738807
5007610	311850
5007611	4782137
5007612	3820171
5007613	3820171
5007614	311850
5007615	4782135
5007616	4258914
5007617	3912012
5007618	4782134
5007620	311850
5007623	3912012
5007624	4780797
5007626	313561
5007627	2071096
5007630	4780711
5007631	5004166
5007634	4780706
5007635	4780696
5007636	5004894
5007636	5004986
5007636	5005756
5007636	5007651
5007637	4780686
5007638	4780638
5007639	4780637
5007640	314839
5007641	4780633
5007642	4780611
5007643	5002828
5007644	4780610
5007645	4780610
5007646	4780608
5007647	5002684
5007648	315842
5007649	4780604
5007649	5007658
5007650	4780603
5007651	5007636
5007651	5007653
5007652	5002660
5007653	5007651
5007654	4780600
5007655	311171
5007656	4770995
5007657	5001483
5007658	5007649
5007659	314594
5007661	314594
5007662	4763965
5007663	2071098
5007664	2071101
5007665	3823135
5007666	2071104
5007667	5007451
5007668	5007452
5007669	807634
5007670	4763957
5007671	2071108
5007671	2071110
5007672	4760510
5007673	4760508
5007674	78759
5007675	78759
5007676	4754272
5007679	4754265
5007681	5001165
5007682	2626798
5007683	5001160
5007686	4740085
5007687	5001159
5007688	4740083
5007689	4735870
5007693	5001063
5007694	4731592
5007695	4731591
5007696	4731590
5007697	4731589
5007698	5001038
5007699	4731588
5007700	5006900
5007701	4731587
5007703	4731587
5007705	4731586
5007706	5001034
5007707	5001032
5007708	4731563
5007710	4729196
5007711	5001031
5007712	4726224
5007713	4725095
5007715	5001029
5007716	4723026
5007717	4723024
5007718	4723023
5007719	5001025
5007722	4723001
5007723	4723000
5007724	5001019
5007725	4975936
5007726	2376754
5007726	3704137
5007726	5008423
5007727	4722999
5007727	5007742
5007728	5000680
5007729	4975924
5007729	4988599
5007730	4722998
5007731	2643202
5007732	2643202
5007733	5000550
5007734	4975918
5007735	4722997
5007736	4192682
5007736	4192685
5007736	4192687
5007736	4192703
5007736	4192730
5007736	4194590
5007736	4239140
5007736	4295883
5007737	5007447
5007738	5007447
5007740	4722994
5007741	5000471
5007742	5007727
5007742	5008421
5007744	3262936
5007744	3628068
5007744	3997921
5007744	3997922
5007745	4722976
5007746	5000447
5007747	4192684
5007747	4192768
5007747	4194591
5007747	4222434
5007747	4250237
5007747	4250238
5007747	4295885
5007747	4295895
5007747	5007756
5007747	5007759
5007747	5008611
5007748	309254
5007750	5000416
5007752	4722954
5007753	4975907
5007754	4722949
5007755	4722947
5007756	4192684
5007756	4295895
5007756	5007747
5007757	5000398
5007759	4192684
5007759	4295895
5007759	5007747
5007760	4722946
5007761	312611
5007762	4722945
5007763	4722944
5007764	5000364
5007765	4722944
5007766	316009
5007767	5000356
5007768	1871578
5007768	1871579
5007768	2071113
5007768	2248187
5007769	4722913
5007770	516745
5007771	2071115
5007772	2071121
5007772	2912716
5007773	4722886
5007774	2071126
5007775	2071128
5007776	516745
5007777	2071130
5007778	516745
5007779	2071132
5007779	4770111
5007780	311885
5007781	2071135
5007781	2071137
5007781	4770111
5007783	516745
5007784	3681631
5007785	2243713
5007786	2243713
5007787	2243713
5007788	3497952
5007788	4975808
5007788	5007819
5007788	5008774
5007789	2243713
5007790	2083729
5007790	2084164
5007790	2084166
5007790	5007791
5007791	2083728
5007791	2084157
5007791	2084158
5007791	2084159
5007791	2084164
5007791	2084166
5007791	2084167
5007791	4192683
5007791	5007790
5007792	4456859
5007792	5007795
5007793	3646877
5007794	4997015
5007795	2639793
5007795	4456859
5007795	5007792
5007796	4974565
5007796	5007816
5007797	3388355
5007797	3388944
5007797	3543592
5007798	3388355
5007798	3388944
5007798	3543592
5007799	4997012
5007801	4996392
5007802	4996360
5007803	5007456
5007804	3821582
5007804	4045691
5007804	4045695
5007805	308408
5007806	5007409
5007807	5006730
5007808	5006730
5007809	5006730
5007810	5007392
5007811	5006730
5007812	5007390
5007813	4962987
5007814	3125052
5007814	5006746
5007815	5006746
5007816	5007796
5007816	5008136
5007819	5007788
5007820	314283
5007822	314283
5007823	5006724
5007824	5006724
5007825	3213324
5007826	763048
5007827	129344
5007828	3707289
5007828	4003514
5007828	5009217
5007830	47293
5007832	2071140
5007833	2071142
5007835	2071145
5007836	2071147
5007837	2071149
5007838	2071151
5007839	2071149
5007840	2422817
5007841	4722885
5007843	4722884
5007844	2071154
5007844	2931684
5007845	4133937
5007846	2071156
5007846	4770108
5007846	4770110
5007847	2071162
5007847	2071164
5007847	4770108
5007848	3051695
5007848	3972913
5007848	5007904
5007848	5007909
5007848	5008058
5007848	5008059
5007848	5008585
5007848	5009214
5007849	4722883
5007850	4996343
5007851	2173464
5007851	2173465
5007852	4722882
5007853	3802196
5007854	4722879
5007855	459128
5007855	3034766
5007855	3290488
5007855	5007865
5007855	5007867
5007856	4722878
5007857	4722875
5007858	3323377
5007858	5008581
5007858	5008582
5007858	5009212
5007859	4722808
5007860	4987217
5007861	4722795
5007862	3966669
5007863	3515832
5007863	3943838
5007863	5009211
5007864	3411796
5007864	5008577
5007864	5009210
5007865	459128
5007865	459129
5007865	5007855
5007866	845750
5007867	5007855
5007868	4987284
5007869	2249762
5007869	4625969
5007869	4625970
5007869	5007875
5007870	2071166
5007871	2071168
5007873	2071171
5007875	2249762
5007875	5007869
5007876	2071173
5007877	2071173
5007878	4722791
5007880	2071175
5007881	2071177
5007883	2071177
5007884	2071180
5007885	4722790
5007886	2071182
5007887	2071186
5007887	2071188
5007888	2546159
5007889	4722789
5007890	2546159
5007893	4592786
5007899	3400518
5007903	4096854
5007904	5007848
5007904	5007909
5007909	5007848
5007909	5007904
5007910	4604755
5007911	3972805
5007911	5009209
5007912	5006430
5007913	5006430
5007914	5006429
5007915	5006429
5007919	5006718
5007920	5006718
5007922	1339924
5007924	2235792
5007924	2235793
5007924	2613503
5007925	3290290
5007925	5008570
5007925	5009208
5007926	5006432
5007927	5006433
5007928	5006436
5007929	5006435
5007930	1944332
5007930	3289850
5007930	5008568
5007930	5009205
5007931	3296971
5007931	5008561
5007931	5009203
5007932	5006417
5007933	3063986
5007933	3296930
5007933	4555020
5007933	5008560
5007935	5006419
5007936	4866685
5007937	1444617
5007937	2251092
5007937	3301874
5007937	3301876
5007939	5006422
5007940	5006423
5007941	5006223
5007942	4567291
5007943	5006225
5007944	5006226
5007945	5006226
5007946	5006226
5007948	426861
5007949	3319862
5007949	5008557
5007949	5009199
5007950	3319785
5007950	5007956
5007950	5008551
5007950	5008557
5007950	5009198
5007951	3310723
5007951	5008548
5007951	5008549
5007951	5009196
5007953	1147004
5007956	5007950
5007957	4418384
5007957	4425969
5007958	3323519
5007958	5008547
5007958	5009195
5007960	3322975
5007960	5008030
5007960	5008544
5007960	5008545
5007960	5009193
5007960	5009262
5007961	2563675
5007962	3319886
5007962	5009191
5007963	3200046
5007964	3200046
5007966	56912
5007969	5006221
5007970	2887619
5007971	5006222
5007972	2887619
5007973	4717298
5007977	3017268
5007977	5007987
5007977	5007988
5007977	5009189
5007978	3017267
5007978	5007981
5007978	5007983
5007978	5008543
5007978	5009185
5007978	5009259
5007979	3730293
5007979	4139929
5007980	69669
5007981	5007978
5007982	69669
5007983	5007978
5007984	2235793
5007985	2235793
5007986	244533
5007987	5007977
5007988	5007977
5007989	277143
5007990	2993795
5007990	5009183
5007990	5009257
5007990	5009432
5007990	5009433
5007991	2645809
5007992	1477050
5007993	2645982
5007994	2645982
5007995	3280454
5007995	5008532
5007995	5009181
5007996	243117
5007997	1102806
5007998	1102806
5007999	768583
5007999	2032059
5007999	3051700
5007999	5009255
5008000	1185641
5008000	2215337
5008000	3051689
5008000	3051691
5008000	5009266
5008002	139267
5008003	2117155
5008003	3280873
5008003	4425822
5008004	4501651
5008005	541465
5008006	479311
5008006	3280868
5008006	5008522
5008007	541465
5008008	541465
5008008	549088
5008009	139267
5008010	3958519
5008011	3289520
5008011	5009174
5008012	3280904
5008012	5008519
5008012	5008520
5008012	5009172
5008013	3819584
5008014	3289989
5008014	5008518
5008014	5009171
5008016	4494374
5008019	2771521
5008020	642417
5008020	3326875
5008020	3699283
5008020	5009169
5008020	5009253
5008021	3721324
5008022	2880668
5008022	5008025
5008023	2244664
5008023	5008674
5008024	2969199
5008024	3323378
5008024	4421211
5008024	5008511
5008024	5008512
5008024	5009167
5008024	5009249
5008025	5008022
5008026	5006435
5008027	59907
5008027	1684297
5008028	59907
5008028	1684297
5008030	5007960
5008031	36419
5008032	393357
5008033	1148281
5008034	1598991
5008035	3874107
5008037	4625687
5008038	1723
5008039	19342
5008040	2230546
5008041	20362
5008042	20392
5008043	54604
5008044	1904019
5008045	239431
5008046	1026331
5008047	725620
5008048	524168
5008049	62972
5008051	4722788
5008052	3129767
5008053	3129767
5008054	4722787
5008055	4722786
5008056	1979004
5008056	5008499
5008056	5009166
5008056	5009246
5008057	4722785
5008058	5007848
5008059	5007848
5008060	4722784
5008061	4898384
5008062	2397701
5008063	3169456
5008064	4722762
5008065	4363888
5008066	292161
5008067	5001076
5008068	237092
5008069	5001016
5008070	4429030
5008071	4722743
5008072	4722742
5008074	3002489
5008075	4235243
5008076	5004892
5008077	5004892
5008078	5004892
5008079	5001013
5008080	5004892
5008081	4722739
5008082	5004892
5008083	5004892
5008084	5001009
5008085	2222317
5008086	1629881
5008087	4997073
5008088	1121545
5008088	1121546
5008089	4722737
5008090	4722736
5008091	4997042
5008092	4722735
5008093	4722734
5008094	4722694
5008095	1449427
5008096	1449427
5008097	1449427
5008098	1449427
5008099	1449427
5008100	1449427
5008101	4995789
5008103	4995787
5008104	4995747
5008105	4548272
5008106	933293
5008107	4722691
5008108	4993052
5008109	4722668
5008110	4992883
5008111	4722666
5008112	4991895
5008113	4722664
5008114	4684929
5008115	4991894
5008116	4722627
5008116	4722660
5008116	5009485
5008117	3731833
5008117	3852862
5008118	4991879
5008118	5009082
5008119	2041143
5008120	4718855
5008121	4991645
5008122	4991639
5008123	4991253
5008124	2019788
5008125	4991245
5008125	5009081
5008127	4991236
5008128	4983471
5008129	4991231
5008130	4714999
5008131	1588552
5008132	4714499
5008133	4991143
5008134	2223078
5008134	4991132
5008135	4910020
5008136	5007816
5008137	1671759
5008138	3819291
5008139	3819292
5008140	4712187
5008141	4161508
5008142	3819293
5008143	4712033
5008144	3819295
5008145	4989084
5008146	1186690
5008147	5007384
5008148	4709807
5008149	4709358
5008150	2407303
5008151	4989081
5008152	4707951
5008154	4707904
5008156	4707897
5008157	4989008
5008158	4995228
5008159	4707874
5008160	4707867
5008161	4988516
5008162	4551157
5008163	4707864
5008166	4707857
5008169	4988501
5008170	4707853
5008171	2563372
5008172	4707852
5008173	4988157
5008175	4988141
5008176	4987724
5008177	861200
5008178	4707767
5008179	2564006
5008180	4987131
5008181	4707759
5008182	819224
5008185	924260
5008186	4707628
5008187	4711022
5008188	4986583
5008188	5008201
5008190	4686183
5008192	15177
5008193	4707605
5008194	4707597
5008196	4705693
5008197	4986510
5008198	4704363
5008199	4986501
5008200	4986498
5008201	5008188
5008202	3996921
5008203	4704362
5008204	3996922
5008205	4986497
5008205	5008390
5008206	3123493
5008208	4986496
5008209	4702628
5008210	4702627
5008212	4986468
5008213	4702626
5008214	4983453
5008215	4702625
5008216	4701465
5008217	4946613
5008218	4699085
5008219	2406051
5008220	2032581
5008220	3192788
5008221	4694779
5008222	4694774
5008225	4694514
5008227	4690881
5008228	4690878
5008229	4690873
5008230	4690847
5008233	2747476
5008235	4677081
5008237	4677078
5008238	4986010
5008238	5008381
5008239	4677074
5008240	4986005
5008240	5008378
5008242	4677051
5008243	3729781
5008244	4673664
5008245	4985999
5008246	2025870
5008246	2447787
5008247	4673658
5008248	2025870
5008248	2447788
5008249	4985996
5008250	4673658
5008251	4672700
5008252	715869
5008253	4672042
5008254	4671815
5008256	4671789
5008257	4982259
5008258	4501861
5008259	4671039
5008260	3481439
5008261	4671039
5008262	3481439
5008263	1740322
5008263	1745938
5008264	4668675
5008265	4982220
5008266	4668674
5008266	5009497
5008267	4668607
5008271	4660581
5008272	3918712
5008272	4660580
5008274	4660571
5008277	4659237
5008278	4980735
5008279	4659234
5008280	1569990
5008281	4656953
5008284	4656440
5008285	4656426
5008286	4656421
5008287	980215
5008287	980718
5008288	2774231
5008289	980718
5008289	5008301
5008290	4656419
5008291	397819
5008293	4656404
5008294	2750386
5008294	5008375
5008295	2033437
5008296	785675
5008298	729754
5008299	4655605
5008300	4655495
5008301	980215
5008301	5008289
5008302	1322437
5008302	2168616
5008303	4654868
5008304	64494
5008304	4654840
5008305	67124
5008305	4548543
5008306	2002518
5008306	2002670
5008306	2196636
5008306	2196637
5008306	4654834
5008306	4960639
5008307	3615043
5008308	2241136
5008308	4654833
5008309	4654830
5008310	4654825
5008311	4654820
5008314	1435305
5008314	5006450
5008315	4654820
5008316	5004209
5008316	5008318
5008317	790043
5008317	5007206
5008318	5004209
5008318	5008316
5008319	4654818
5008320	1094581
5008321	4654781
5008322	2665581
5008322	2665587
5008322	2665607
5008322	2671445
5008322	5004093
5008323	4132646
5008324	4654779
5008325	3307304
5008325	4654777
5008325	4655495
5008325	5009487
5008326	4654756
5008327	4654755
5008328	4654751
5008329	5004091
5008329	5008331
5008330	4654748
5008331	2387731
5008331	3076410
5008331	5004091
5008331	5008329
5008332	4654747
5008333	4654745
5008334	4918976
5008335	4654744
5008336	4654722
5008338	4654722
5008339	4654716
5008340	4654701
5008341	4228287
5008341	4236019
5008341	4236020
5008342	3527241
5008343	4654688
5008343	5009391
5008344	4654687
5008346	3730307
5008347	4654677
5008349	3408682
5008350	4654660
5008351	4654597
5008352	4653357
5008353	4653348
5008354	4653346
5008355	4653344
5008356	4653336
5008358	4653335
5008359	4645726
5008360	4644574
5008361	4644477
5008362	4644457
5008363	4643045
5008367	284707
5008367	1983298
5008367	3648880
5008368	4643009
5008369	4642988
5008369	5009488
5008371	4997199
5008371	5008372
5008372	5008371
5008375	2750386
5008375	5008294
5008376	4642987
5008377	4640888
5008378	5008240
5008379	4640886
5008380	4640683
5008381	5008238
5008382	3623471
5008383	4640651
5008384	4640620
5008385	4640617
5008386	4640614
5008386	5009490
5008387	4640610
5008388	3554153
5008389	4640609
5008390	4987761
5008390	5008205
5008391	2694270
5008391	2983039
5008392	4640548
5008393	5009164
5008394	4640545
5008396	4640541
5008397	4640539
5008398	4640535
5008399	980215
5008399	980718
5008399	985430
5008400	980718
5008401	4640532
5008403	4640531
5008404	4640502
5008405	4640502
5008406	4640501
5008410	4640473
5008411	4640471
5008412	4640471
5008414	4640468
5008415	4640465
5008416	4640465
5008417	4640465
5008420	4640244
5008421	5007742
5008421	5009109
5008421	5009113
5008422	4640243
5008423	5007726
5008423	5008498
5008423	5009163
5008424	5006989
5008424	5008495
5008424	5009160
5008425	5006987
5008425	5009159
5008426	4639985
5008427	5006977
5008427	5008494
5008427	5009156
5008428	4639982
5008429	4639982
5008430	4635514
5008431	4635388
5008432	2944725
5008433	5008439
5008433	5008441
5008433	5008493
5008433	5009154
5008434	456910
5008435	369220
5008435	456910
5008436	4635310
5008437	4635305
5008439	5008433
5008440	4635301
5008441	5008433
5008442	1924593
5008442	3530945
5008443	4635299
5008444	3852726
5008444	3852727
5008444	3861559
5008445	4635288
5008446	4635284
5008447	4635280
5008448	3426563
5008450	3907991
5008450	5008673
5008452	4618608
5008454	4618556
5008454	5009495
5008455	4618552
5008457	4618546
5008458	4618544
5008460	4618538
5008461	4618534
5008462	4618531
5008463	4972787
5008463	5008671
5008464	4608941
5008465	4606441
5008466	4606343
5008467	4606341
5008468	4606340
5008469	316428
5008469	1676841
5008470	4589935
5008471	4589933
5008472	317043
5008474	4589854
5008475	4589792
5008476	4589759
5008476	5009498
5008477	4585515
5008479	280931
5008480	280931
5008481	3411012
5008482	2713398
5008483	2713398
5008484	2713398
5008485	2245856
5008487	2244579
5008488	2244579
5008489	3852727
5008490	2647876
5008491	3852726
5008492	3852726
5008493	5008433
5008494	422837
5008494	5006977
5008494	5008427
5008495	5008424
5008496	2647860
5008496	5008667
5008497	2647859
5008497	5008667
5008498	5008423
5008499	5008056
5008504	1679023
5008507	1679023
5008509	1679023
5008510	1679023
5008511	5008024
5008512	5008024
5008514	1541175
5008514	1541180
5008514	2415934
5008514	3181186
5008517	1541177
5008517	1541180
5008518	5008014
5008519	5008012
5008520	5008012
5008522	5008006
5008532	5007995
5008536	5008596
5008536	5009151
5008537	5009147
5008538	5009143
5008538	5009225
5008539	5008552
5008539	5009138
5008540	5008553
5008540	5009134
5008541	5009131
5008542	5008580
5008543	5007978
5008544	5007960
5008545	5007960
5008547	5007958
5008548	5007951
5008549	5007951
5008550	4892691
5008551	5007950
5008552	5008539
5008553	5008540
5008555	4914035
5008556	3892823
5008557	5007949
5008557	5007950
5008559	4913235
5008560	5007933
5008561	5007931
5008563	5008567
5008563	5009126
5008564	5009122
5008565	2501574
5008567	5008563
5008568	5007930
5008569	4910131
5008570	5007925
5008571	4907926
5008572	588333
5008573	588333
5008574	4904153
5008575	3840235
5008576	4903154
5008577	5007864
5008579	176439
5008580	5008542
5008580	5008602
5008580	5009098
5008581	5007858
5008582	5007858
5008584	4903081
5008585	5007848
5008586	2912720
5008586	3008081
5008588	4897590
5008589	5009121
5008590	5009118
5008591	2733807
5008592	5007524
5008593	5007524
5008594	5007469
5008595	5007469
5008596	5008536
5008597	5009114
5008598	5007468
5008599	5007469
5008600	4889475
5008600	5008664
5008601	5007468
5008602	5008580
5008603	5007467
5008604	5009111
5008604	5009219
5008605	5007466
5008606	4064936
5008607	5007466
5008608	1858810
5008608	5008660
5008609	5009107
5008610	5007465
5008611	4192684
5008611	4295895
5008611	5007747
5008612	3565575
5008612	4230927
5008613	1522192
5008614	5009104
5008615	25576
5008616	5009101
5008617	2609396
5008618	2701348
5008619	301031
5008620	3010090
5008621	3958392
5008624	5009099
5008627	5009095
5008628	373216
5008628	373376
5008629	3415233
5008630	373216
5008630	373376
5008631	73692
5008632	1156997
5008633	373376
5008634	2788502
5008635	3417222
5008636	2542800
5008637	5007464
5008638	5007464
5008639	5009094
5008640	5007463
5008642	5007463
5008643	5007462
5008644	373216
5008645	5007462
5008646	2639940
5008647	5009091
5008648	5007461
5008649	3733123
5008650	5007461
5008651	3400522
5008652	2264422
5008653	2051823
5008654	5007460
5008655	5009088
5008656	5007460
5008657	5008662
5008657	5008665
5008657	5009080
5008658	5007459
5008659	25514
5008660	5008608
5008661	5007458
5008662	5008657
5008663	2583340
5008664	5008600
5008665	5008657
5008666	5007458
5008667	5008496
5008667	5008497
5008669	2703921
5008670	5007457
5008671	5008463
5008672	3882479
5008673	5006969
5008673	5008450
5008674	5008023
5008675	5007456
5008676	5007455
5008677	1408576
5008678	5007454
5008679	5007453
5008681	5007453
5008682	16351
5008682	647067
5008683	2136102
5008684	5007452
5008685	5007452
5008686	1786099
5008687	5007452
5008688	5007452
5008689	57246
5008690	2247918
5008691	2247918
5008692	2751991
5008693	3918268
5008694	1929954
5008694	5009079
5008695	5007451
5008696	5007451
5008697	5007450
5008698	322680
5008699	5007450
5008701	2299237
5008702	5007446
5008703	5007446
5008704	2282059
5008704	4758553
5008705	37607
5008706	2235062
5008707	5007446
5008708	5009077
5008708	5009293
5008709	1964145
5008709	2206888
5008710	5007447
5008711	4176701
5008713	5007442
5008714	1710290
5008715	3913967
5008716	5007442
5008717	3688332
5008718	2838636
5008719	1604659
5008719	1680704
5008719	5008724
5008720	72124
5008721	5007424
5008722	20242
5008723	3010868
5008723	4543350
5008723	5009075
5008724	5008719
5008725	2040669
5008726	3880597
5008726	5009087
5008727	1690495
5008728	12313
5008729	4995854
5008731	808102
5008734	1934237
5008736	2931132
5008737	5008747
5008737	5008809
5008738	1069268
5008739	1963512
5008739	1966305
5008740	5007390
5008740	5008746
5008740	5008749
5008742	5006959
5008743	3284670
5008744	3284670
5008745	5006936
5008746	5008740
5008747	5008737
5008749	5008740
5008752	4138969
5008752	4971558
5008753	4866595
5008754	5009074
5008755	5009072
5008755	5009206
5008756	5009067
5008756	5009204
5008757	5008783
5008757	5009064
5008757	5009553
5008758	5008787
5008758	5008788
5008758	5009063
5008759	4168523
5008759	5008789
5008759	5008791
5008760	5008794
5008760	5008795
5008760	5009060
5008761	5009059
5008762	5009057
5008763	5008784
5008763	5009054
5008764	5008796
5008764	5009052
5008764	5009200
5008764	5009552
5008765	5008798
5008765	5009050
5008770	5008800
5008770	5008801
5008770	5009049
5008774	5007788
5008776	2382289
5008778	339737
5008779	4970140
5008780	1073395
5008781	3223397
5008783	5008757
5008784	5008763
5008785	3706039
5008786	3706039
5008787	5008758
5008788	5008758
5008789	5008759
5008790	3675690
5008791	5008759
5008793	3675690
5008794	5008760
5008795	5008760
5008796	5008764
5008797	4970103
5008798	5008765
5008799	1174737
5008800	5008770
5008801	5008770
5008802	4970096
5008803	1174737
5008804	1026938
5008805	4970088
5008806	2646140
5008807	2646140
5008808	5009047
5008808	5009291
5008808	5009292
5008809	5008737
5008810	66762
5008811	1680042
5008812	5009046
5008812	5009197
5008812	5009288
5008813	5009045
5008813	5009289
5008814	5009043
5008814	5009290
5008828	5009040
5008829	5009039
5008830	5009038
5008830	5009540
5008830	5009541
5008830	5009542
5008830	5009544
5008830	5009546
5008830	5009547
5008831	5009037
5008831	5009548
5008831	5009549
5008831	5009550
5008833	5009036
5008834	5009034
5008834	5009429
5008834	5009551
5008835	5009033
5008836	5009032
5008837	5009031
5008838	5009030
5008838	5009427
5008838	5009524
5008838	5009525
5008839	2023464
5008839	4652075
5008839	5009422
5008840	5009028
5008840	5009539
5008841	5009027
5008841	5009188
5008842	5009026
5008842	5009173
5008842	5009419
5008842	5009420
5008842	5009527
5008843	5009025
5008843	5009417
5008843	5009528
5008843	5009529
5008844	5009024
5008844	5009415
5008844	5009530
5008845	5009023
5008845	5009168
5008845	5009416
5008845	5009531
5008846	5008870
5008846	5009414
5008847	5009021
5008847	5009165
5008847	5009534
5008848	5009020
5008849	4181620
5008850	5009018
5008851	5009016
5008851	5009412
5008852	4813538
5008852	5009406
5008852	5009408
5008852	5009410
5008853	5009014
5008854	5009012
5008854	5009148
5008854	5009192
5008854	5009194
5008855	5009010
5008856	5009009
5008856	5009402
5008856	5009404
5008857	5009007
5008858	4984259
5008859	5009005
5008859	5009286
5008859	5009287
5008860	2011671
5008860	2102158
5008861	2011671
5008861	2102158
5008862	5009002
5008862	5009136
5008862	5009137
5008862	5009399
5008863	5009001
5008863	5009133
5008863	5009140
5008863	5009141
5008863	5009397
5008865	5008871
5008865	5009000
5008865	5009129
5008866	5005289
5008866	5009013
5008867	2111824
5008867	3674887
5008868	2111824
5008868	3674888
5008869	4984259
5008870	5008846
5008870	5008999
5008870	5009393
5008870	5009538
5008871	5008865
5008873	660437
5008874	5005304
5008875	5001173
5008876	4138797
5008877	2272780
5008880	149535
5008881	56828
5008882	56828
5008885	192905
5008886	251111
5008887	5008997
5008887	5009117
5008887	5009515
5008887	5009516
5008888	5008996
5008888	5009517
5008889	5008995
5008890	5008994
5008890	5009519
5008891	5008990
5008891	5009112
5008892	5008936
5008892	5009389
5008893	5008935
5008893	5009392
5008893	5009520
5008893	5009526
5008894	5008933
5008895	4676222
5008896	5008931
5008896	5009386
5008896	5009509
5008897	5008930
5008897	5009510
5008898	5008928
5008899	5008925
5008900	5008924
5008900	5009100
5008901	4713286
5008902	5008921
5008902	5009006
5008902	5009384
5008903	5008919
5008903	5009382
5008903	5009513
5008904	5008917
5008904	5009381
5008905	5008915
5008906	5008911
5008906	5009180
5008907	5008909
5008907	5008934
5008907	5009182
5008908	251111
5008909	5008907
5008909	5009085
5008910	1025298
5008911	5008906
5008911	5009084
5008912	3226385
5008913	3410766
5008914	2647740
5008915	5008905
5008916	282783
5008916	282784
5008917	5008904
5008918	2639
5008918	4278546
5008919	5008903
5008919	5009083
5008920	2549387
5008921	5008902
5008923	2640643
5008923	4839243
5008924	5008900
5008925	5008899
5008927	3777887
5008928	5008898
5008929	3775595
5008929	3777882
5008930	5008897
5008931	5008896
5008933	5008894
5008934	5008907
5008935	5008893
5008936	5008892
5008937	1252514
5008937	4744414
5008937	4744415
5008937	5009097
5008937	5009380
5008938	5009878
5008939	5009877
5008940	5009876
5008941	5009874
5008942	5009369
5008942	5009872
5008943	5009511
5008943	5009512
5008943	5009871
5008944	5009092
5008944	5009367
5008944	5009474
5008944	5009482
5008944	5009484
5008944	5009869
5008945	5009366
5008945	5009868
5008946	5009489
5008947	4354099
5008948	5009863
5008949	4528973
5008950	5009491
5008951	5009856
5008952	5009858
5008954	5009492
5008955	3984425
5008955	3984427
5008955	5009360
5008956	5009853
5008957	5009852
5008958	5009851
5008959	5009042
5008959	5009850
5008960	5009358
5008960	5009848
5008961	5009051
5008961	5009845
5008962	5009056
5008962	5009496
5008963	5009841
5008964	5009839
5008965	5009842
5008966	5009836
5008967	5009835
5008968	5009458
5008968	5009834
5008969	5009832
5008970	5009830
5008971	5009829
5008972	5009828
5008973	5009035
5008973	5009827
5008974	5009461
5008974	5009825
5008975	5009348
5008975	5009462
5008975	5009824
5008976	5009345
5008976	5009463
5008976	5009822
5008977	5009017
5008977	5009315
5008977	5009821
5008978	4482451
5008978	5009011
5008978	5009314
5008979	4212603
5008979	4918917
5008979	5009311
5008979	5009312
5008979	5010374
5008979	5010378
5008980	4221715
5008981	5009812
5008982	5009310
5008982	5009810
5008983	5009808
5008984	5009471
5008984	5009807
5008985	5009805
5008986	5009305
5008986	5009307
5008986	5009800
5008987	5009797
5008988	5009796
5008989	5009302
5008990	5008891
5008991	5009190
5008991	5009301
5008992	3788740
5008993	3513571
5008993	3998551
5008993	3998553
5008993	3998554
5008993	5009004
5008993	5009142
5008993	5009144
5008993	5009146
5008993	5009162
5008993	5009300
5008993	5009304
5008994	5008890
5008995	5008889
5008996	5008888
5008997	5008887
5008998	96586
5008999	5008870
5009000	5008865
5009001	5008863
5009002	5008862
5009003	87976
5009004	5008993
5009005	5008859
5009006	5008902
5009007	5008857
5009009	5008856
5009010	5008855
5009011	5008978
5009012	5008854
5009012	5009192
5009013	5008866
5009014	5008853
5009016	5008851
5009017	5008977
5009018	5008850
5009020	5008848
5009021	5008847
5009023	5008845
5009024	5008844
5009025	5008843
5009026	5008842
5009027	5008841
5009028	5008840
5009030	5008838
5009031	5008837
5009032	5008836
5009033	5008835
5009034	5008834
5009035	5008973
5009036	5008833
5009037	5008831
5009038	5008830
5009039	5008829
5009040	5008828
5009041	2282059
5009041	5009044
5009042	5008959
5009043	5008814
5009044	2282059
5009044	5009041
5009045	5008813
5009046	5008812
5009047	5008808
5009049	5008770
5009050	5008765
5009051	5008961
5009052	5008764
5009054	5008763
5009056	5008962
5009057	5008762
5009059	5008761
5009060	5008760
5009063	5008758
5009064	5008757
5009066	3520382
5009067	5008756
5009068	3520382
5009068	5009216
5009070	2645361
5009070	5009215
5009072	5008755
5009074	5008754
5009075	5008723
5009077	5008708
5009077	5009078
5009078	5009077
5009079	5008694
5009080	5008657
5009081	5008125
5009081	5009086
5009082	5008118
5009083	5008919
5009084	5008911
5009084	5009180
5009085	5008909
5009085	5009182
5009086	5009081
5009087	5008726
5009088	5008655
5009090	4192684
5009091	5008647
5009092	5008944
5009092	5009482
5009092	5009484
5009093	4192684
5009094	5008639
5009095	5008627
5009097	5008937
5009098	5008580
5009099	5008624
5009100	5008900
5009101	5008616
5009102	1712948
5009103	1422697
5009104	5008614
5009105	3367071
5009105	3367184
5009106	3367071
5009106	3367186
5009107	5008609
5009108	1713708
5009109	5008421
5009111	5008604
5009112	5008891
5009113	5008421
5009114	5008597
5009115	2711925
5009115	3238723
5009115	3367184
5009116	2711925
5009116	3238723
5009116	3367186
5009117	5008887
5009118	5008590
5009119	2711925
5009119	3367184
5009119	3367186
5009120	2711925
5009120	3367184
5009120	3367186
5009121	5008589
5009122	5008564
5009123	5005185
5009123	5009269
5009123	5009295
5009124	5006994
5009125	2562984
5009126	5008563
5009127	5006994
5009128	5005185
5009128	5009268
5009128	5009296
5009128	5009774
5009129	5008865
5009130	5005185
5009130	5009271
5009130	5009296
5009130	5009773
5009131	5008541
5009132	4153210
5009132	4153421
5009132	4153795
5009132	4154435
5009132	4157113
5009132	4157116
5009132	4171618
5009133	5008863
5009134	5008540
5009135	5006989
5009136	5008862
5009137	5008862
5009138	5008539
5009139	5006987
5009140	5008863
5009141	5008863
5009142	3513571
5009142	3513850
5009142	5008993
5009143	5008538
5009144	3513571
5009144	3513850
5009144	5008993
5009145	26964
5009146	3513571
5009146	3513851
5009146	5008993
5009147	5008537
5009148	5008854
5009148	5009192
5009148	5009194
5009149	4144881
5009149	4145575
5009149	4149333
5009149	5009303
5009151	5008536
5009153	5006975
5009154	5008433
5009155	5006972
5009156	5008427
5009157	1929136
5009158	1929100
5009158	1929136
5009159	5008425
5009160	5008424
5009161	2844480
5009162	3513571
5009162	3513851
5009162	5008993
5009163	5008423
5009164	5008393
5009165	5008847
5009166	5008056
5009167	5008024
5009168	5008845
5009169	5008020
5009170	5006964
5009171	5008014
5009172	5008012
5009173	5008842
5009174	5008011
5009175	4873684
5009176	5006963
5009180	5008906
5009180	5009084
5009181	5007995
5009182	5008907
5009182	5009085
5009183	5007990
5009184	3104226
5009185	5007978
5009187	5006960
5009188	5008841
5009189	5007977
5009190	5008991
5009191	5007962
5009192	5008854
5009192	5009012
5009192	5009148
5009193	5007960
5009194	5008854
5009194	5009148
5009195	5007958
5009196	5007951
5009197	5008812
5009198	5007950
5009199	5007949
5009200	5008764
5009202	918849
5009203	5007931
5009204	5008756
5009205	5007930
5009206	5008755
5009207	5006943
5009208	5007925
5009209	5007911
5009210	5007864
5009211	5007863
5009212	5007858
5009213	5006925
5009214	5007848
5009215	5009070
5009216	5009068
5009217	5007828
5009218	5004894
5009219	5008604
5009220	5005957
5009221	5006724
5009222	5006730
5009223	5006738
5009224	5006745
5009225	5008538
5009226	5007469
5009227	5007468
5009228	5006832
5009229	5006831
5009230	5006828
5009231	5006784
5009232	5006924
5009233	5006744
5009234	5007467
5009235	5006757
5009236	5006758
5009237	5005875
5009238	5007466
5009239	5006697
5009240	5006704
5009241	5006715
5009242	5007465
5009243	5006723
5009244	442925
5009245	5006725
5009246	5008056
5009248	5006732
5009249	5008024
5009250	5007463
5009251	5007462
5009252	5007461
5009253	5008020
5009254	5007460
5009255	5007999
5009256	5007459
5009257	5007990
5009258	5007458
5009259	5007978
5009260	5007457
5009261	5005578
5009262	5007960
5009263	5007456
5009264	5007455
5009266	5008000
5009267	5007453
5009268	5009128
5009269	5009123
5009270	5007452
5009271	5009130
5009272	5007451
5009273	5007450
5009274	5007448
5009276	5007446
5009277	5007445
5009278	5007442
5009279	2360119
5009279	5009294
5009280	5007429
5009281	5007424
5009284	5007281
5009285	5006998
5009285	5007273
5009286	5008859
5009287	5008859
5009288	5008812
5009289	5008813
5009290	5008814
5009291	5008808
5009292	5008808
5009293	5008708
5009294	5009279
5009295	5009123
5009296	5005185
5009296	5009128
5009296	5009130
5009297	5010384
5009298	132652
5009298	299805
5009299	4499413
5009300	5008993
5009301	5008991
5009302	5008989
5009303	5009149
5009304	5008993
5009305	5008986
5009306	3760397
5009307	5008986
5009309	4846197
5009310	5008982
5009311	5008979
5009312	5008979
5009313	4917636
5009314	5008978
5009315	5008977
5009316	5010381
5009317	5009377
5009317	5010380
5009318	5009378
5009318	5010379
5009319	5009355
5009319	5010377
5009320	5010376
5009321	5009353
5009321	5010375
5009322	5010373
5009323	5009351
5009323	5009437
5009323	5010372
5009324	5009438
5009324	5010371
5009325	5009349
5009325	5009441
5009325	5009442
5009325	5010370
5009326	5009444
5009326	5009446
5009326	5010369
5009327	5010368
5009328	5010366
5009329	4728958
5009330	5009448
5009330	5010364
5009331	5009449
5009331	5010363
5009332	4371996
5009332	5009453
5009334	5010361
5009335	5010360
5009336	5010359
5009337	5010357
5009338	5010356
5009339	5010355
5009340	5010354
5009341	5010353
5009342	5010349
5009342	5010350
5009342	5010351
5009343	3625990
5009344	5010348
5009345	5008976
5009346	5010346
5009347	837960
5009348	5008975
5009349	5009325
5009350	4826885
5009351	5009323
5009352	4826867
5009353	5009321
5009354	4826839
5009355	5009319
5009356	4826838
5009357	4826831
5009358	5008960
5009359	4826809
5009360	5008955
5009361	4826799
5009362	4996832
5009362	4998396
5009363	1889208
5009364	4826776
5009365	4996830
5009365	4996961
5009365	4998401
5009366	5008945
5009367	5008944
5009368	4826775
5009369	5008942
5009370	4826774
5009372	4826767
5009374	4826763
5009375	2944215
5009376	2944215
5009377	5009317
5009378	5009318
5009378	5009385
5009380	5008937
5009381	5008904
5009382	5008903
5009384	5008902
5009385	5009378
5009386	5008896
5009387	914595
5009388	914288
5009389	5008892
5009391	5008343
5009391	5009394
5009391	5009395
5009392	5008893
5009393	5008870
5009394	5009391
5009394	5009395
5009395	5009391
5009395	5009394
5009396	1417774
5009397	5008863
5009399	5008862
5009400	4498254
5009401	4498253
5009402	5008856
5009403	4498252
5009404	5008856
5009405	2545079
5009406	5008852
5009407	2272945
5009408	5008852
5009409	140092
5009410	5008852
5009411	305199
5009412	5008851
5009413	290998
5009414	5008846
5009415	5008844
5009416	5008845
5009417	5008843
5009418	682229
5009419	5008842
5009420	5008842
5009421	1831804
5009421	5010343
5009422	5008839
5009423	1013282
5009423	5010333
5009425	1938536
5009425	5009430
5009425	5009940
5009425	5010329
5009426	1771719
5009427	5008838
5009428	2636694
5009428	4068740
5009428	5010322
5009429	5008834
5009430	5009425
5009430	5009440
5009431	725916
5009431	5010318
5009432	5007990
5009433	5007990
5009433	5009435
5009434	1771720
5009435	5009433
5009436	2753437
5009437	5009323
5009438	5009324
5009438	5009445
5009439	3559022
5009440	5009430
5009441	5009325
5009442	5009325
5009443	4902781
5009444	5009326
5009444	5009451
5009445	5009438
5009446	5009326
5009447	4902783
5009448	5009330
5009449	5009331
5009449	5009452
5009450	299341
5009451	5009444
5009452	5009449
5009453	5009332
5009453	5009459
5009454	2722176
5009455	2800758
5009456	1585293
5009456	5010317
5009457	3695350
5009458	5008968
5009459	5009453
5009460	4305501
5009461	5008974
5009461	5009466
5009462	5008975
5009462	5009468
5009463	5008976
5009463	5009469
5009464	1093648
5009466	5009461
5009467	1756815
5009468	5009462
5009469	5009463
5009470	1821163
5009471	5008984
5009471	5009475
5009472	3619599
5009473	4918917
5009473	5010367
5009474	5008944
5009474	5009482
5009474	5009484
5009475	5009471
5009476	3344271
5009477	1136735
5009477	5010316
5009478	2970748
5009479	391755
5009479	408757
5009479	587784
5009479	636218
5009479	4344699
5009479	4349529
5009479	4350117
5009479	5009770
5009480	2463486
5009481	2292336
5009482	5008944
5009482	5009092
5009482	5009474
5009482	5009484
5009483	2279125
5009484	5008944
5009484	5009092
5009484	5009474
5009484	5009482
5009485	5008116
5009486	64204
5009487	5008325
5009488	5008369
5009489	5008946
5009489	5009503
5009490	5008386
5009491	5008950
5009491	5009504
5009492	5008954
5009492	5009502
5009495	5008454
5009496	5008962
5009496	5009501
5009497	5008266
5009498	2249973
5009498	2528910
5009498	5008476
5009501	5009496
5009502	5009492
5009503	5009489
5009504	5009491
5009505	3984425
5009506	3984427
5009507	27421
5009508	42727
5009509	5008896
5009510	5008897
5009511	5008943
5009512	5008943
5009513	5008903
5009514	4637132
5009515	5008887
5009516	5008887
5009517	5008888
5009518	1065914
5009519	5008890
5009520	5008893
5009521	1284593
5009523	721768
5009524	5008838
5009525	5008838
5009526	5008893
5009527	5008842
5009528	5008843
5009529	5008843
5009530	5008844
5009531	5008845
5009532	280982
5009532	721768
5009533	5009535
5009534	5008847
5009535	5009533
5009535	5009537
5009535	5009695
5009536	5001869
5009536	5004770
5009536	5009772
5009537	5009535
5009537	5009693
5009538	5008870
5009539	5008840
5009540	5008830
5009541	5008830
5009542	5008830
5009543	5009701
5009543	5009721
5009544	5008830
5009545	292695
5009546	5008830
5009547	5008830
5009548	5008831
5009549	5008831
5009550	5008831
5009551	5008834
5009552	5008764
5009553	5008757
5009554	1334357
5009554	1334358
5009554	2850534
5009554	3349366
5009554	5004814
5009554	5004822
5009554	5005087
5009554	5005785
5009555	314935
5009556	314935
5009557	25304
5009558	5006730
5009559	5006724
5009560	5006718
5009561	2096827
5009561	5006727
5009561	5006744
5009561	5007139
5009562	5006720
5009563	5006228
5009564	1355218
5009564	5009565
5009564	5010314
5009565	5009564
5009566	302610
5009567	2118542
5009567	2752710
5009567	2752711
5009567	5010139
5009567	5010300
5009568	1939848
5009568	5010138
5009568	5010294
5009569	5009585
5009569	5009595
5009574	1098366
5009574	1102208
5009575	2340967
5009576	2846888
5009577	487489
5009577	551347
5009578	2092645
5009578	2092665
5009579	2092645
5009580	2231050
5009581	4206244
5009582	4206236
5009584	4206247
5009585	5009569
5009586	4206234
5009587	4206232
5009588	4206250
5009589	4206254
5009589	4206256
5009591	2511766
5009592	2511765
5009593	1652265
5009593	1687086
5009593	1932161
5009594	1652266
5009594	1687086
5009595	5009569
5009596	1687087
5009597	1652267
5009597	1687087
5009597	1739055
5009598	1092054
5009598	1092055
5009598	1092056
5009598	1092057
5009599	1092052
5009599	1092053
5009600	1014314
5009601	5009602
5009602	5009601
5009604	5010286
5009605	5010280
5009606	5010277
5009607	3312914
5009607	4276067
5009608	5010271
5009609	5010268
5009610	5010261
5009611	5009676
5009611	5010233
5009612	5010232
5009613	5010229
5009614	5010227
5009615	5009616
5009616	5009615
5009616	5010224
5009617	5010223
5009618	5010220
5009619	5010216
5009620	5010215
5009621	5010213
5009622	5010212
5009623	5010210
5009624	5010207
5009625	5010206
5009626	5010204
5009627	5010203
5009628	5010199
5009629	5010197
5009630	5010194
5009631	5010193
5009632	1109397
5009633	5010188
5009634	5010187
5009635	5010185
5009636	4759374
5009637	5010181
5009638	5010180
5009639	5010178
5009640	5010177
5009641	5010176
5009642	5010175
5009643	5010174
5009644	5010173
5009645	3033188
5009646	5010094
5009647	5010093
5009648	3939102
5009649	5010090
5009650	5010088
5009651	5010083
5009652	3602381
5009653	5010075
5009655	5010074
5009655	5010076
5009655	5010078
5009655	5010080
5009655	5010085
5009656	5010073
5009657	4151631
5009658	5010071
5009659	5009678
5009659	5010070
5009660	5010069
5009661	5010068
5009662	5010067
5009663	5010066
5009664	5010063
5009665	5010062
5009666	2525544
5009667	5010060
5009668	5010059
5009669	5010058
5009670	3099875
5009671	3565894
5009672	5010055
5009673	5010054
5009674	5010053
5009675	5010052
5009676	5009611
5009678	5009659
5009679	5009680
5009679	5009700
5009679	5009771
5009680	5009679
5009680	5009700
5009681	133604
5009681	260942
5009681	341448
5009682	1026998
5009682	1339041
5009682	1758172
5009683	4218330
5009684	4218331
5009685	2702376
5009686	11159
5009686	62089
5009686	1241629
5009686	1243280
5009687	1241629
5009687	1243280
5009688	62089
5009688	1241620
5009689	3638742
5009690	3638742
5009691	436515
5009691	436516
5009691	448168
5009691	457318
5009691	997880
5009691	1196005
5009692	5001842
5009693	5009537
5009694	2016745
5009695	5009535
5009696	2763808
5009697	5001847
5009699	4955489
5009700	5009679
5009700	5009680
5009701	5009543
5009702	2402246
5009702	2403138
5009703	2402246
5009703	2403137
5009704	5009953
5009704	5010051
5009705	2402246
5009705	2403135
5009705	2403136
5009706	2402246
5009706	2403134
5009707	2402246
5009707	2403133
5009708	5009953
5009708	5010050
5009709	24772
5009710	3637863
5009712	3637863
5009713	436665
5009713	560590
5009713	788929
5009713	800810
5009714	4815476
5009714	4827490
5009714	4827495
5009715	3526040
5009716	3648058
5009717	3648058
5009718	5010049
5009719	5010046
5009720	5005905
5009721	5009543
5009722	5010042
5009723	37726
5009724	2425682
5009725	2058609
5009726	303047
5009727	1164211
5009729	5005086
5009729	5010041
5009730	1744965
5009732	292501
5009733	312054
5009734	323143
5009734	338710
5009734	1039243
5009735	1039243
5009736	261440
5009737	4815561
5009738	4499583
5009739	4498501
5009740	470599
5009741	2900493
5009742	470599
5009743	3973075
5009744	4313931
5009745	1954184
5009746	1954183
5009748	657149
5009749	5010040
5009750	3757222
5009751	5010039
5009752	3244903
5009753	270671
5009754	270671
5009755	37854
5009755	3652134
5009755	3652137
5009756	5010038
5009757	5010036
5009758	5010035
5009759	2259945
5009760	2267362
5009760	5010133
5009761	824109
5009762	865396
5009762	5010132
5009763	1003442
5009763	5010131
5009764	1017918
5009764	5010129
5009765	2947104
5009766	5010034
5009767	5010033
5009768	2526789
5009769	83043
5009770	5009479
5009771	5009679
5009772	5009536
5009773	5009130
5009774	5009128
5009778	5006972
5009779	5006957
5009780	3662045
5009781	5004326
5009782	5004017
5009783	5003986
5009784	5003972
5009785	3114685
5009786	3114685
5009787	5003388
5009788	5003043
5009789	2086714
5009789	5010136
5009790	5002596
5009791	4174292
5009792	5002422
5009793	5002061
5009794	5001828
5009795	5001748
5009796	5008988
5009797	5008987
5009798	5001161
5009800	5008986
5009801	5001145
5009803	3114645
5009804	4999248
5009805	5008985
5009806	4999246
5009807	5008984
5009808	5008983
5009809	4998832
5009810	5008982
5009811	3698453
5009812	5008981
5009813	4998018
5009816	4998016
5009817	2416436
5009820	4998012
5009821	5008977
5009822	5008976
5009823	4997994
5009824	5008975
5009825	5008974
5009826	4997995
5009827	5008973
5009828	5008972
5009829	5008971
5009830	5008970
5009832	5008969
5009833	162584
5009834	5008968
5009835	5008967
5009836	5008966
5009837	4997989
5009838	4997988
5009839	5008964
5009840	4997403
5009841	5008963
5009842	5008965
5009844	4997146
5009845	5008961
5009847	4997138
5009848	5008960
5009849	4996944
5009850	5008959
5009851	5008958
5009852	5008957
5009853	5008956
5009854	4996746
5009855	4996732
5009856	5008951
5009857	4996581
5009858	5008952
5009859	4996579
5009861	4996468
5009862	4996468
5009863	5008948
5009864	4996454
5009866	4996265
5009867	3309062
5009868	5008945
5009869	5008944
5009870	4996104
5009871	5008943
5009872	5008942
5009873	4995868
5009874	5008941
5009875	4995842
5009876	5008940
5009877	5008939
5009878	5008938
5009880	4995675
5009881	4995674
5009882	4995616
5009883	3595159
5009884	4995615
5009885	5007180
5009886	4995104
5009887	5006970
5009888	4994793
5009889	5006967
5009890	4992920
5009891	5006951
5009892	5006944
5009893	5006942
5009895	5006940
5009896	4992390
5009897	2662465
5009898	5006929
5009899	5006926
5009900	4992374
5009901	3826322
5009902	3826322
5009903	5006918
5009904	2209612
5009905	5006897
5009906	46919
5009907	4992341
5009908	3643181
5009909	3281812
5009910	5006880
5009911	5006860
5009912	5006859
5009913	4992337
5009915	2957256
5009916	4091879
5009917	4992332
5009919	5006851
5009920	4992332
5009921	2706891
5009922	5006847
5009923	2748693
5009924	5006846
5009925	4991901
5009925	4991904
5009926	5006787
5009926	5006844
5009928	5006772
5009928	5006843
5009929	5006842
5009930	4991874
5009931	5006841
5009932	5006840
5009934	5006839
5009935	5006838
5009936	4991674
5009937	5006832
5009938	3424649
5009939	5006831
5009940	5009425
5009941	2392874
5009942	5006828
5009943	4991607
5009944	5006826
5009945	1397712
5009947	64204
5009948	1397712
5009949	5006784
5009951	3962514
5009952	4991166
5009953	5009704
5009953	5009708
5009953	5010050
5009954	5006766
5009955	4991164
5009956	5006765
5009957	4990933
5009958	4990718
5009959	5006762
5009960	5006761
5009961	4989783
5009962	2381355
5009963	5006760
5009964	5006759
5009965	4989753
5009966	5006758
5009967	5006755
5009968	4989711
5009969	5006754
5009970	5006752
5009971	2212791
5009971	5006760
5009971	5007113
5009972	5006751
5009973	2395033
5009974	2499146
5009975	5006750
5009976	4988637
5009977	2478162
5009978	5006749
5009980	4988574
5009982	5006746
5009986	4769895
5009987	4157290
5009988	3991852
5009989	680581
5009990	680737
5009991	682349
5009992	1261932
5009993	1668573
5009994	2451241
5009995	2237706
5009996	244306
5009999	2662243
5010000	2867329
5010001	3431321
5010002	3731255
5010003	49055
5010004	276724
5010005	329582
5010006	3731255
5010007	917779
5010008	422828
5010008	5010009
5010009	5010008
5010011	5010012
5010012	5010011
5010013	5010014
5010014	5010013
5010019	5010020
5010020	5010019
5010021	5010022
5010022	5010021
5010025	5010026
5010026	5010025
5010028	5010029
5010028	5010031
5010029	5010028
5010030	3307304
5010031	5010028
5010032	4176157
5010033	5009767
5010034	5009766
5010035	5009758
5010036	5009757
5010037	2362123
5010038	5009756
5010039	5009751
5010040	5009749
5010041	5009729
5010042	5009722
5010044	2772976
5010045	4499268
5010045	4643409
5010046	5009719
5010047	5010048
5010048	5010047
5010049	5009718
5010050	5009708
5010050	5009953
5010051	5009704
5010052	5009675
5010053	5009674
5010054	5009673
5010055	5009672
5010058	5009669
5010059	5009668
5010060	5009667
5010062	5009665
5010063	5009664
5010066	5009663
5010067	5009662
5010068	5009661
5010069	5009660
5010070	5009659
5010071	5009658
5010073	5009656
5010074	5009655
5010075	5009653
5010076	5009655
5010078	5009655
5010079	5006772
5010079	5006843
5010080	5009655
5010081	5006772
5010081	5006843
5010083	5009651
5010085	5009655
5010086	5006843
5010087	5006843
5010088	5009650
5010090	5009649
5010093	5009647
5010094	5009646
5010101	2542855
5010103	2542855
5010107	3287059
5010108	3287059
5010109	3287059
5010110	3287059
5010111	3287059
5010112	3287059
5010116	2349428
5010116	5010382
5010116	5010383
5010126	3911520
5010127	3911519
5010128	2007501
5010129	5009764
5010130	3911518
5010131	5009763
5010132	5009762
5010133	5009760
5010134	1935365
5010135	3439682
5010136	5009789
5010137	4989153
5010138	5009568
5010139	5009567
5010140	3269356
5010141	3269356
5010142	1236048
5010143	1236048
5010144	1236048
5010145	1236048
5010146	4500895
5010147	4500159
5010150	4499363
5010151	4495303
5010152	4495303
5010153	4493755
5010154	4498912
5010155	4495323
5010157	4401066
5010158	836575
5010159	4401023
5010160	836575
5010161	836575
5010162	836575
5010163	4667241
5010164	4667239
5010167	4502036
5010168	4501444
5010169	4501473
5010170	4501473
5010171	4501320
5010173	5009644
5010174	5009643
5010175	5009642
5010176	5009641
5010177	5009640
5010178	5009639
5010179	2236943
5010180	5009638
5010181	5009637
5010182	1866502
5010183	1866502
5010185	5009635
5010186	3880412
5010187	5009634
5010188	5009633
5010189	1661099
5010190	1661099
5010192	1744959
5010193	5009631
5010194	5009630
5010195	3727889
5010196	3727889
5010197	5009629
5010198	3100153
5010199	5009628
5010200	3100153
5010201	3335975
5010203	5009627
5010204	5009626
5010205	2702606
5010206	5009625
5010207	5009624
5010210	5009623
5010212	5009622
5010213	5009621
5010215	5009620
5010216	5009619
5010218	2499806
5010219	2499806
5010220	5009618
5010221	3962620
5010222	3962620
5010223	5009617
5010224	5009616
5010227	5009614
5010229	5009613
5010232	5009612
5010233	5009611
5010235	5010267
5010237	5010266
5010243	777322
5010245	5010264
5010246	5010263
5010247	5010262
5010249	5010259
5010249	5010260
5010256	5010352
5010257	5010312
5010259	5010249
5010260	5010249
5010261	5009610
5010262	5010247
5010263	5010246
5010264	5010245
5010266	5010237
5010267	5010235
5010268	5009609
5010269	3902940
5010270	3902940
5010271	5009608
5010272	3902940
5010273	3902941
5010274	3902941
5010275	3902941
5010276	3902942
5010277	5009606
5010278	3902942
5010279	3902942
5010280	5009605
5010281	3902946
5010282	3902946
5010283	3902946
5010284	3902946
5010285	3902946
5010286	5009604
5010287	3902946
5010288	3902947
5010289	3902947
5010290	3902947
5010291	3902947
5010292	3902947
5010293	3902947
5010294	5009568
5010295	3902948
5010296	3902948
5010297	3902948
5010298	3902948
5010299	3902948
5010300	5009567
5010301	3902949
5010302	3902949
5010303	3902949
5010304	3902949
5010305	3902949
5010306	3902949
5010307	3902930
5010308	3902930
5010309	3902931
5010311	3902931
5010312	5010257
5010314	5009564
5010316	5009477
5010317	5009456
5010318	5009431
5010319	3902934
5010320	3902934
5010321	3902935
5010322	5009428
5010323	3902935
5010324	3902936
5010325	3902936
5010326	3902934
5010327	3902934
5010328	3902935
5010329	5009425
5010330	3902935
5010331	3902936
5010332	3902936
5010333	5009423
5010334	3902937
5010335	3902937
5010336	3902937
5010337	3902937
5010338	3902938
5010339	3902938
5010340	3902938
5010341	3902938
5010342	3902939
5010343	5009421
5010344	3902939
5010345	3902939
5010346	5009346
5010348	5009344
5010349	5009342
5010350	5009342
5010351	5009342
5010352	5010256
5010353	5009341
5010354	5009340
5010355	5009339
5010356	5009338
5010357	5009337
5010359	5009336
5010360	5009335
5010361	5009334
5010363	5009331
5010364	5009330
5010366	5009328
5010367	5009473
5010368	5009327
5010369	5009326
5010370	5009325
5010371	5009324
5010372	5009323
5010373	5009322
5010374	3312942
5010374	5008979
5010374	5010378
5010375	5009321
5010376	5009320
5010377	5009319
5010378	3312942
5010378	5008979
5010378	5010374
5010379	5009318
5010380	5009317
5010381	5009316
5010382	5010116
5010383	5010116
5010384	5009297
